samplenr	I	II	V1	V2	V3	V4	V5	V6	measurement
0	-12	-230	96	32	-80	-190	-208	-178	
1	-42	-214	116	28	-78	-172	-194	-172	
2	-70	-200	136	28	-70	-154	-178	-164	
3	-94	-184	158	32	-60	-134	-162	-156	
4	-114	-172	178	38	-48	-116	-148	-148	
5	-132	-158	198	46	-34	-98	-134	-140	
6	-146	-148	216	54	-22	-82	-120	-134	
7	-158	-138	234	62	-8	-66	-110	-126	
8	-166	-130	250	68	2	-54	-100	-120	
9	-172	-122	264	74	12	-42	-90	-116	
10	-178	-116	276	78	20	-34	-84	-110	
11	-182	-110	288	80	26	-26	-76	-106	
12	-184	-106	296	80	28	-22	-72	-102	
13	-184	-102	302	76	30	-18	-68	-98	
14	-186	-100	306	72	28	-16	-66	-94	
15	-186	-98	310	68	26	-14	-64	-92	
16	-184	-98	310	60	22	-16	-62	-90	
17	-182	-96	308	54	16	-16	-60	-88	
18	-180	-96	302	44	10	-18	-60	-86	
19	-178	-94	294	36	4	-20	-60	-84	
20	-174	-92	282	26	-4	-24	-58	-82	
21	-170	-90	268	18	-10	-26	-58	-80	
22	-164	-86	252	8	-18	-28	-56	-78	
23	-158	-82	232	0	-24	-30	-54	-74	
24	-150	-76	210	-10	-30	-30	-52	-70	
25	-142	-68	186	-18	-36	-30	-48	-66	
26	-132	-62	162	-24	-40	-30	-44	-62	
27	-122	-54	138	-30	-42	-30	-40	-56	
28	-110	-46	114	-36	-44	-28	-34	-50	
29	-100	-38	92	-38	-46	-26	-30	-44	
30	-88	-30	72	-40	-46	-22	-24	-38	
31	-78	-24	52	-42	-46	-20	-20	-32	
32	-68	-18	36	-42	-44	-18	-14	-26	
33	-58	-14	24	-42	-44	-16	-10	-20	
34	-50	-10	12	-40	-42	-14	-6	-16	
35	-42	-6	4	-38	-40	-12	-4	-12	
36	-36	-4	-4	-36	-38	-10	-2	-8	
37	-32	-2	-8	-34	-36	-8	0	-6	
38	-26	0	-12	-32	-36	-8	2	-4	
39	-24	0	-14	-30	-34	-6	2	-2	
40	-22	0	-16	-28	-34	-6	4	0	
41	-20	2	-18	-26	-32	-6	4	0	
42	-18	2	-18	-26	-32	-6	4	0	
43	-16	2	-20	-26	-32	-6	4	2	
44	-14	2	-20	-24	-32	-4	4	2	
45	-14	2	-20	-24	-32	-4	6	2	
46	-12	4	-22	-24	-32	-4	6	4	
47	-12	4	-22	-24	-32	-4	6	4	
48	-10	4	-24	-24	-32	-4	8	6	
49	-10	4	-24	-24	-32	-4	8	6	
50	-8	4	-26	-24	-32	-4	8	8	
51	-8	4	-26	-24	-30	-4	10	8	
52	-8	6	-28	-24	-30	-4	10	10	
53	-6	6	-28	-22	-30	-4	10	10	
54	-6	6	-30	-22	-30	-4	12	12	
55	-4	8	-30	-22	-28	-2	12	12	
56	-4	8	-32	-22	-28	-2	14	12	
57	-2	10	-32	-22	-28	-2	14	14	
58	-2	10	-34	-22	-28	-2	16	14	
59	0	12	-34	-22	-26	0	16	14	
60	2	14	-36	-22	-26	0	18	14	
61	4	16	-36	-22	-26	2	18	16	
62	6	18	-38	-22	-24	2	20	16	
63	8	18	-40	-22	-24	4	22	18	
64	10	20	-40	-22	-22	6	22	18	
65	12	22	-42	-20	-20	8	24	20	
66	14	24	-44	-20	-20	10	26	22	
67	16	26	-46	-20	-18	12	28	24	
68	18	30	-48	-20	-16	14	30	26	
69	20	32	-50	-18	-14	16	32	30	
70	22	34	-52	-18	-12	18	34	32	
71	26	36	-56	-18	-10	20	36	34	
72	28	40	-58	-16	-10	22	38	36	
73	30	42	-62	-16	-8	24	40	40	
74	32	46	-64	-16	-6	26	44	42	
75	36	50	-68	-16	-6	28	46	44	
76	38	54	-70	-16	-4	30	50	46	
77	42	58	-74	-16	-4	32	52	50	
78	46	62	-78	-14	-2	36	56	52	
79	50	68	-82	-14	-2	38	60	54	
80	52	72	-86	-14	0	40	62	56	
81	56	76	-90	-14	2	42	66	60	
82	60	82	-94	-14	2	44	70	62	
83	64	86	-98	-14	4	46	72	64	
84	68	90	-102	-14	4	48	76	68	
85	72	94	-106	-16	6	50	78	70	
86	78	98	-110	-16	6	52	82	74	
87	82	100	-114	-16	8	54	84	76	
88	86	104	-118	-16	8	54	86	80	
89	90	108	-122	-18	8	56	88	82	
90	94	110	-124	-18	10	58	90	86	
91	98	112	-128	-18	10	58	92	88	
92	102	116	-132	-20	10	58	94	90	
93	106	118	-136	-20	8	60	94	94	
94	110	122	-138	-20	8	60	96	96	
95	112	124	-142	-22	8	60	98	98	
96	116	126	-144	-22	8	60	98	100	
97	118	130	-146	-24	8	62	100	102	
98	122	132	-148	-24	6	62	100	104	
99	124	134	-150	-24	6	62	100	106	
100	126	136	-152	-24	6	64	102	108	
101	128	138	-154	-26	6	64	102	108	
102	128	138	-156	-26	6	64	104	110	
103	130	138	-156	-26	6	64	104	110	
104	130	138	-156	-26	6	64	104	110	
105	128	138	-156	-26	4	64	104	112	
106	128	136	-154	-28	4	64	102	110	
107	126	134	-154	-28	4	64	102	110	
108	124	130	-152	-28	2	62	100	108	
109	122	128	-150	-28	2	62	100	108	
110	118	124	-148	-30	0	60	98	106	
111	114	120	-144	-30	-2	58	94	102	
112	110	116	-140	-30	-2	56	92	100	
113	104	114	-138	-30	-4	54	90	96	
114	100	110	-132	-30	-4	52	88	94	
115	94	106	-128	-28	-6	50	84	90	
116	90	102	-124	-28	-6	48	82	86	
117	84	100	-120	-26	-6	46	78	82	
118	78	96	-114	-24	-6	44	76	78	
119	74	92	-108	-22	-6	42	72	74	
120	68	90	-102	-20	-6	40	70	70	
121	62	86	-98	-18	-4	38	66	68	
122	58	82	-92	-14	-4	36	64	64	
123	54	76	-86	-12	-2	34	60	60	
124	50	72	-78	-10	-2	34	56	58	
125	46	68	-72	-8	0	32	54	54	
126	42	62	-66	-6	2	30	50	50	
127	38	58	-60	-4	2	28	48	48	
128	36	54	-54	-2	4	28	44	44	
129	34	48	-50	0	4	26	42	42	
130	30	44	-44	0	6	24	38	38	
131	28	40	-38	2	8	24	36	36	
132	26	36	-34	2	8	22	34	32	
133	22	34	-28	4	8	22	32	30	
134	20	30	-24	4	10	20	30	26	
135	18	28	-20	6	10	20	28	24	
136	14	24	-16	6	10	20	26	22	
137	10	22	-12	8	10	18	26	18	
138	8	20	-8	8	10	18	24	16	
139	4	18	-6	10	12	18	24	14	
140	2	16	-2	10	10	16	22	12	
141	0	16	0	10	10	16	22	10	
142	-4	14	2	10	10	16	20	10	
143	-6	12	4	10	10	16	20	8	
144	-6	10	4	10	10	14	20	8	
145	-8	8	6	10	10	14	20	8	
146	-8	8	6	10	8	14	18	6	
147	-8	6	8	10	8	14	18	6	
148	-10	4	8	10	8	12	18	6	
149	-10	4	8	8	8	12	18	6	
150	-10	2	8	8	8	12	16	6	
151	-10	2	8	8	6	12	16	6	
152	-10	2	8	8	6	10	16	6	
153	-10	0	8	8	6	10	14	6	
154	-10	0	10	10	6	10	14	6	
155	-12	0	10	10	6	8	14	4	
156	-12	0	10	10	6	8	12	4	
157	-12	0	10	10	6	6	12	2	
158	-14	0	10	10	6	6	12	2	
159	-14	0	10	10	4	4	10	0	
160	-14	0	12	8	4	4	10	-2	
161	-14	0	12	8	4	4	10	-2	
162	-14	0	12	8	4	4	10	-2	
163	-14	0	12	8	4	4	12	-2	
164	-14	0	12	6	2	4	12	-2	
165	-14	0	12	6	2	4	12	-2	
166	-12	0	10	6	2	4	14	0	
167	-12	0	10	4	2	6	14	0	
168	-12	0	10	4	2	6	14	2	
169	-12	0	10	2	2	6	16	2	
170	-10	0	10	2	2	6	16	4	
171	-10	0	10	2	2	6	16	4	
172	-10	0	10	2	2	8	16	4	
173	-10	0	8	2	2	8	16	4	
174	-10	0	8	0	2	8	16	4	
175	-10	0	8	0	2	8	16	4	
176	-10	0	8	0	2	8	16	4	
177	-10	0	8	0	2	6	14	4	
178	-10	0	8	0	0	6	14	2	
179	-10	0	8	-2	0	6	12	2	
180	-10	0	8	-2	0	6	12	0	
181	-10	-2	8	-2	0	4	10	0	
182	-10	-2	8	-2	-2	4	10	0	
183	-10	-2	8	-4	-2	2	8	0	
184	-10	-2	8	-4	-2	2	8	0	
185	-12	-4	8	-4	-2	2	6	0	
186	-12	-4	8	-4	-2	0	6	0	
187	-14	-4	8	-4	-2	0	4	-2	
188	-16	-6	8	-4	-2	-2	4	-2	
189	-18	-6	8	-4	-2	-2	4	-2	
190	-18	-6	8	-2	-2	-2	4	-2	
191	-20	-6	8	-2	-2	-2	4	-2	
192	-22	-6	10	-2	-2	-2	4	-2	
193	-24	-6	10	-4	-2	-2	4	-2	
194	-24	-6	10	-4	-2	-2	4	-2	
195	-24	-4	10	-4	-2	0	4	-2	
196	-24	-4	10	-4	-2	0	4	-2	
197	-24	-4	10	-4	-4	0	4	-2	
198	-24	-4	10	-6	-4	2	6	-2	
199	-22	-4	10	-6	-4	2	6	0	
200	-22	-6	8	-6	-6	2	6	0	
201	-20	-6	8	-6	-6	2	6	0	
202	-18	-6	8	-8	-6	2	6	0	
203	-18	-6	8	-8	-8	0	6	2	
204	-16	-6	8	-8	-8	0	6	2	
205	-16	-8	8	-8	-8	0	4	2	
206	-14	-8	8	-8	-8	-2	4	0	
207	-14	-8	6	-8	-8	-2	4	0	
208	-14	-6	6	-8	-8	-4	4	0	
209	-12	-6	8	-8	-6	-4	4	-2	
210	-12	-6	8	-6	-6	-4	4	-2	
211	-12	-4	8	-6	-6	-4	4	-2	
212	-12	-2	8	-6	-4	-2	4	-2	
213	-14	0	10	-4	-2	-2	6	-2	
214	-14	2	10	-4	-2	0	8	-2	
215	-14	4	12	-2	0	2	8	0	
216	-16	6	12	-2	2	4	10	0	
217	-16	8	14	0	4	6	12	2	
218	-16	10	14	0	6	8	14	4	
219	-18	12	16	2	6	10	16	6	
220	-18	14	16	2	8	10	18	8	
221	-18	16	16	4	10	12	20	10	
222	-18	18	16	4	10	14	22	12	
223	-18	18	16	4	10	14	22	12	
224	-16	20	16	4	10	16	24	14	
225	-16	22	14	4	10	16	24	14	
226	-16	22	14	2	10	16	24	14	
227	-14	24	12	2	8	16	24	14	
228	-14	24	10	0	8	16	24	14	
229	-12	26	8	-2	6	16	24	14	
230	-12	28	6	-4	6	16	24	14	
231	-12	30	4	-4	4	16	24	14	
232	-10	32	2	-6	4	16	24	12	
233	-10	34	0	-8	2	16	24	12	
234	-8	36	-4	-10	2	16	24	12	
235	-6	40	-6	-10	0	16	24	12	
236	-6	42	-8	-12	0	16	26	12	
237	-2	46	-12	-12	0	18	26	12	
238	0	48	-14	-14	0	18	28	14	
239	2	52	-18	-14	0	18	28	14	
240	6	54	-20	-16	0	20	30	16	
241	10	56	-22	-16	0	20	30	18	
242	12	56	-24	-16	0	22	32	18	
243	16	58	-24	-16	0	22	32	20	
244	18	58	-26	-16	2	22	34	22	
245	20	58	-26	-14	2	22	34	24	
246	20	56	-24	-14	2	22	34	26	
247	22	56	-24	-12	2	22	34	26	
248	20	52	-22	-12	4	22	34	28	
249	20	50	-22	-10	4	22	34	28	
250	18	48	-20	-8	4	22	32	28	
251	14	44	-18	-8	4	20	32	26	
252	12	40	-16	-6	4	20	30	26	
253	8	38	-14	-4	4	18	28	24	
254	6	34	-12	-4	2	16	26	22	
255	4	30	-10	-4	2	14	24	20	
256	0	26	-8	-4	0	12	22	18	
257	-2	22	-6	-4	0	10	18	14	
258	-4	18	-4	-4	-2	8	16	12	
259	-6	14	-2	-4	-4	6	14	8	
260	-8	10	0	-4	-6	2	10	6	
261	-10	6	0	-6	-8	0	8	2	
262	-12	2	2	-6	-10	-2	6	-2	
263	-14	-2	4	-8	-12	-6	2	-4	
264	-16	-6	6	-8	-14	-8	0	-8	
265	-18	-12	6	-10	-16	-10	-2	-10	
266	-20	-14	8	-12	-18	-12	-4	-12	
267	-20	-18	8	-12	-18	-14	-8	-14	
268	-22	-22	10	-14	-20	-16	-10	-16	
269	-24	-24	10	-14	-22	-18	-10	-18	
270	-24	-26	10	-14	-22	-18	-12	-20	
271	-26	-28	12	-14	-22	-20	-12	-20	
272	-26	-28	12	-14	-24	-20	-14	-20	
273	-28	-30	12	-14	-24	-20	-14	-22	
274	-28	-30	12	-14	-22	-20	-14	-20	
275	-28	-30	12	-14	-22	-20	-14	-20	
276	-28	-32	12	-12	-22	-20	-14	-20	
277	-30	-32	14	-12	-20	-20	-14	-20	
278	-30	-32	14	-12	-20	-20	-14	-18	
279	-32	-32	14	-12	-20	-20	-12	-18	
280	-32	-32	14	-12	-20	-20	-12	-18	
281	-34	-32	14	-12	-20	-22	-12	-18	
282	-34	-32	14	-12	-20	-22	-12	-18	
283	-36	-32	16	-12	-22	-22	-12	-18	
284	-40	-30	16	-14	-22	-22	-12	-18	
285	-42	-28	16	-16	-24	-22	-12	-18	
286	-46	-24	18	-18	-26	-22	-10	-18	
287	-52	-22	20	-20	-28	-20	-8	-18	
288	-56	-18	22	-22	-28	-16	-6	-18	
289	-62	-14	26	-24	-28	-12	-2	-16	
290	-66	-10	28	-24	-26	-6	4	-16	
291	-70	-6	32	-22	-22	2	10	-12	
292	-72	0	36	-20	-14	12	18	-10	
293	-72	2	40	-14	-6	22	26	-6	
294	-68	6	42	-6	6	34	36	0	
295	-60	8	44	4	22	46	46	8	
296	-50	8	46	18	40	60	56	16	
297	-34	4	46	36	60	72	64	24	
298	-14	0	46	56	80	80	72	32	
299	10	-8	44	80	104	88	76	38	
300	36	-20	42	104	126	90	76	44	
301	66	-36	40	130	146	88	72	48	
302	96	-54	36	156	166	82	62	48	
303	126	-78	34	182	180	68	46	44	
304	154	-102	30	204	190	50	26	36	
305	178	-130	28	222	196	26	0	24	
306	200	-158	24	236	194	0	-28	10	
307	214	-186	22	244	188	-30	-60	-10	
308	224	-214	20	246	174	-62	-92	-30	
309	226	-238	20	242	156	-94	-122	-52	
310	222	-258	20	230	132	-124	-152	-74	
311	212	-274	22	214	108	-150	-178	-96	
312	196	-286	26	194	80	-172	-200	-116	
313	174	-292	30	170	52	-190	-216	-132	
314	148	-292	38	146	26	-200	-226	-146	
315	118	-290	46	120	2	-206	-232	-156	
316	88	-282	56	98	-18	-206	-232	-164	
317	56	-272	70	78	-34	-202	-228	-166	
318	24	-260	84	64	-44	-192	-220	-168	
319	-8	-246	102	52	-48	-180	-210	-166	
320	-36	-232	120	46	-48	-166	-196	-162	
321	-62	-218	140	44	-44	-150	-184	-158	
322	-86	-204	160	46	-38	-134	-170	-152	
323	-106	-190	180	50	-28	-118	-158	-146	
324	-122	-180	198	56	-18	-102	-146	-140	
325	-136	-168	218	64	-6	-86	-136	-136	
326	-148	-160	234	70	4	-74	-126	-130	
327	-156	-150	250	76	14	-62	-116	-126	
328	-162	-142	264	80	22	-52	-108	-122	
329	-168	-136	276	84	28	-44	-102	-118	
330	-172	-130	286	86	32	-38	-96	-114	
331	-174	-124	296	84	34	-32	-92	-110	
332	-178	-120	302	82	36	-30	-88	-106	
333	-178	-116	306	78	34	-28	-86	-104	
334	-180	-114	310	72	32	-26	-82	-102	
335	-180	-112	308	66	26	-28	-80	-98	
336	-180	-110	306	60	22	-28	-80	-96	
337	-178	-108	300	52	16	-30	-78	-94	
338	-176	-106	292	42	8	-32	-76	-92	
339	-172	-102	280	34	2	-36	-76	-88	
340	-168	-100	266	24	-6	-38	-74	-86	
341	-160	-96	248	16	-14	-38	-72	-82	
342	-152	-90	228	6	-20	-40	-68	-80	
343	-144	-84	206	-4	-26	-40	-66	-74	
344	-134	-78	184	-12	-30	-40	-62	-70	
345	-124	-70	160	-18	-34	-38	-56	-64	
346	-112	-62	134	-24	-38	-36	-52	-60	
347	-102	-54	112	-30	-40	-34	-46	-54	
348	-90	-46	90	-34	-40	-30	-40	-46	
349	-80	-40	68	-36	-40	-26	-34	-40	
350	-70	-32	50	-36	-38	-22	-30	-34	
351	-62	-28	36	-36	-36	-20	-24	-30	
352	-54	-22	22	-36	-34	-16	-20	-24	
353	-48	-18	12	-34	-32	-14	-16	-20	
354	-42	-16	4	-32	-28	-10	-12	-16	
355	-36	-14	-2	-30	-26	-8	-10	-12	
356	-32	-12	-6	-28	-24	-6	-8	-10	
357	-30	-10	-10	-26	-22	-6	-6	-8	
358	-26	-10	-12	-24	-20	-4	-6	-6	
359	-24	-10	-14	-22	-20	-4	-4	-4	
360	-22	-10	-14	-22	-18	-4	-4	-4	
361	-20	-10	-16	-20	-18	-4	-2	-2	
362	-18	-8	-16	-20	-18	-4	-2	-2	
363	-18	-8	-18	-20	-20	-2	-2	-2	
364	-16	-8	-18	-20	-20	-2	-2	-2	
365	-14	-8	-18	-20	-20	-2	-2	0	
366	-14	-6	-20	-20	-20	-2	0	0	
367	-12	-6	-20	-22	-20	-2	0	0	
368	-10	-6	-22	-22	-20	-2	0	2	
369	-10	-4	-22	-22	-20	-2	0	2	
370	-8	-4	-24	-22	-20	-2	2	2	
371	-8	-4	-24	-22	-20	-2	2	4	
372	-6	-2	-26	-22	-20	-2	4	4	
373	-6	-2	-26	-22	-18	-2	4	6	
374	-4	0	-28	-22	-18	0	4	6	
375	-4	2	-30	-22	-16	0	6	8	
376	-2	4	-32	-20	-16	0	6	8	
377	-2	6	-32	-20	-14	2	8	8	
378	0	8	-34	-20	-14	2	8	10	
379	2	10	-36	-20	-12	4	10	10	
380	4	12	-38	-20	-12	4	10	10	
381	4	14	-40	-20	-12	4	10	12	
382	6	16	-42	-20	-10	6	12	12	
383	8	18	-44	-20	-10	6	12	12	
384	10	20	-46	-20	-10	8	14	14	
385	12	22	-48	-20	-10	8	14	16	
386	14	24	-50	-20	-8	10	16	18	
387	16	26	-52	-20	-8	12	18	20	
388	18	28	-54	-20	-6	14	20	22	
389	20	30	-58	-20	-6	16	22	24	
390	22	32	-60	-20	-4	18	24	28	
391	24	36	-62	-20	-2	20	28	30	
392	26	38	-64	-20	0	22	30	34	
393	30	42	-66	-20	2	24	34	36	
394	32	46	-70	-18	4	28	38	40	
395	36	50	-72	-18	6	30	40	44	
396	40	54	-76	-18	8	32	44	48	
397	44	58	-78	-18	8	34	48	50	
398	48	62	-82	-18	10	38	50	54	
399	52	68	-86	-18	12	40	54	58	
400	58	72	-90	-18	12	42	56	60	
401	62	76	-94	-18	12	44	60	64	
402	66	80	-98	-18	14	46	62	68	
403	70	84	-102	-20	14	48	66	72	
404	74	88	-106	-20	14	50	68	74	
405	78	94	-110	-20	14	52	70	78	
406	82	96	-116	-22	14	54	74	82	
407	86	100	-120	-22	14	56	76	84	
408	88	104	-124	-24	16	58	80	88	
409	90	108	-128	-24	16	60	82	92	
410	94	112	-130	-26	16	62	84	94	
411	96	116	-134	-26	16	64	88	98	
412	98	118	-138	-28	18	64	90	100	
413	100	122	-140	-28	18	66	92	102	
414	102	124	-144	-28	18	66	94	104	
415	104	128	-146	-30	18	68	96	106	
416	106	130	-148	-30	18	68	98	108	
417	108	132	-150	-30	18	68	98	108	
418	110	134	-154	-32	18	68	98	110	
419	114	134	-154	-32	16	68	100	110	
420	116	136	-156	-32	16	68	98	110	
421	118	136	-158	-32	16	68	98	110	
422	118	136	-158	-34	14	66	98	110	
423	120	134	-160	-34	14	66	96	110	
424	120	134	-160	-34	12	64	96	110	
425	120	132	-158	-36	10	62	94	108	
426	120	130	-158	-36	10	62	92	108	
427	120	128	-156	-36	8	60	90	106	
428	118	126	-154	-36	6	58	88	104	
429	116	122	-152	-38	6	56	86	102	
430	112	120	-148	-38	4	56	84	100	
431	108	118	-144	-38	4	54	82	98	
432	104	114	-140	-38	2	52	78	94	
433	100	112	-136	-36	2	50	76	92	
434	96	108	-130	-36	0	48	72	88	
435	92	106	-126	-36	0	48	70	84	
436	86	102	-120	-34	0	46	66	82	
437	82	98	-114	-32	0	44	64	78	
438	78	94	-110	-30	0	42	60	74	
439	72	90	-104	-30	0	42	56	70	
440	68	86	-98	-26	2	40	54	66	
441	64	82	-92	-24	2	38	50	62	
442	58	76	-88	-22	2	36	46	58	
443	54	72	-82	-20	4	34	42	54	
444	50	68	-76	-18	4	32	40	50	
445	44	62	-72	-14	6	32	36	48	
446	40	58	-66	-12	6	30	34	44	
447	36	54	-60	-10	8	28	32	40	
448	30	50	-56	-6	8	28	30	36	
449	26	44	-50	-4	10	26	28	34	
450	22	40	-44	-2	10	26	26	30	
451	18	36	-40	0	12	24	24	28	
452	14	32	-36	2	12	24	22	26	
453	10	30	-30	2	12	22	20	24	
454	6	26	-26	4	12	22	20	22	
455	4	22	-22	4	12	20	18	20	
456	2	20	-18	4	12	20	16	18	
457	0	16	-16	4	12	18	14	16	
458	-2	14	-12	4	12	16	12	14	
459	-2	12	-10	4	10	16	10	12	
460	-4	10	-8	4	10	14	10	10	
461	-4	8	-6	4	10	12	8	8	
462	-4	8	-6	4	8	12	6	8	
463	-6	6	-4	2	8	10	4	6	
464	-6	4	-2	2	8	10	4	4	
465	-6	4	-2	2	8	8	2	2	
466	-8	2	0	2	6	8	2	2	
467	-10	2	0	2	6	8	0	0	
468	-10	2	2	2	6	8	0	0	
469	-12	0	2	2	6	8	0	0	
470	-12	0	2	0	6	8	0	0	
471	-12	0	4	0	6	8	0	-2	
472	-14	-2	4	0	6	8	0	-2	
473	-14	-2	4	0	4	6	-2	-2	
474	-14	-2	4	0	4	6	-2	-2	
475	-14	-2	4	-2	4	6	-2	-2	
476	-14	-2	4	-2	2	6	-2	-2	
477	-14	-2	4	-2	2	6	-2	-2	
478	-12	-2	4	-2	2	6	-4	-2	
479	-12	-2	4	-2	2	6	-4	-2	
480	-12	-2	4	-4	2	6	-4	-2	
481	-12	-2	4	-4	2	6	-4	-2	
482	-14	-2	4	-4	0	6	-4	-2	
483	-14	-2	4	-4	0	6	-4	-2	
484	-14	-2	4	-4	0	6	-2	-2	
485	-14	0	4	-4	0	6	-2	-2	
486	-16	0	4	-4	0	4	-2	-2	
487	-16	0	4	-4	0	4	-2	-2	
488	-16	0	4	-4	0	4	-2	-2	
489	-16	0	4	-6	0	4	-2	-4	
490	-18	0	4	-6	0	2	-2	-4	
491	-18	0	4	-6	0	2	-2	-4	
492	-18	0	4	-6	-2	2	-2	-4	
493	-18	0	4	-6	-2	0	-2	-4	
494	-18	0	4	-6	-2	0	-2	-4	
495	-18	0	4	-6	-2	0	-2	-4	
496	-18	0	4	-8	-2	0	-2	-2	
497	-18	0	4	-8	-2	0	-2	-2	
498	-18	0	4	-8	-2	0	-2	-2	
499	-18	0	2	-8	-2	0	-2	-2	
500	-16	0	2	-8	-2	2	-2	-2	
501	-16	-2	2	-8	-4	2	-2	0	
502	-16	-2	2	-8	-4	2	-2	0	
503	-16	-2	2	-10	-4	2	-2	0	
504	-16	-2	2	-10	-6	2	-2	0	
505	-16	-2	2	-10	-6	2	-2	0	
506	-16	-2	4	-10	-8	2	-2	0	
507	-16	-4	4	-12	-8	2	-2	0	
508	-16	-4	4	-12	-8	0	-2	-2	
509	-16	-4	4	-12	-10	0	-2	-2	
510	-16	-4	4	-12	-10	0	-2	-2	
511	-18	-4	4	-12	-10	0	-2	-2	
512	-18	-4	4	-14	-10	0	-2	-2	
513	-20	-4	4	-14	-10	0	-2	-2	
514	-20	-4	4	-14	-10	0	-4	-4	
515	-20	-4	4	-14	-10	-2	-4	-4	
516	-20	-2	4	-14	-10	-2	-4	-4	
517	-22	-2	4	-16	-10	-2	-6	-4	
518	-22	-2	4	-16	-10	-4	-6	-4	
519	-22	-2	4	-16	-10	-4	-8	-6	
520	-22	-2	4	-16	-12	-4	-8	-6	
521	-22	-2	2	-18	-12	-6	-10	-6	
522	-22	-2	2	-18	-12	-6	-10	-6	
523	-22	-2	2	-18	-14	-8	-10	-6	
524	-22	-2	2	-18	-14	-8	-12	-8	
525	-22	-4	2	-18	-14	-8	-12	-8	
526	-22	-4	2	-18	-14	-8	-12	-8	
527	-22	-4	2	-18	-14	-8	-12	-8	
528	-22	-4	2	-18	-14	-8	-12	-8	
529	-22	-4	2	-18	-14	-8	-12	-8	
530	-22	-2	4	-16	-12	-8	-10	-8	
531	-22	-2	4	-16	-12	-6	-10	-8	
532	-22	0	4	-16	-10	-6	-10	-8	
533	-20	0	4	-16	-10	-4	-8	-8	
534	-20	2	4	-14	-8	-4	-8	-6	
535	-18	4	4	-14	-8	-2	-6	-6	
536	-18	8	6	-14	-6	0	-4	-6	
537	-16	10	6	-14	-6	0	-4	-4	
538	-16	12	6	-12	-4	2	-2	-4	
539	-14	16	6	-12	-2	4	0	-2	
540	-14	18	6	-12	-2	4	2	0	
541	-14	20	6	-12	-2	6	2	0	
542	-12	22	6	-12	0	8	4	2	
543	-12	26	6	-12	0	8	6	2	
544	-12	28	6	-12	0	8	6	4	
545	-12	30	4	-12	0	10	6	6	
546	-12	32	4	-12	0	10	8	6	
547	-12	34	4	-14	0	10	8	6	
548	-12	36	2	-14	0	12	8	8	
549	-10	36	2	-14	0	12	10	8	
550	-10	38	0	-16	0	12	10	8	
551	-10	40	0	-16	0	12	10	10	
552	-8	40	-2	-16	0	14	10	10	
553	-8	42	-4	-18	-2	14	12	10	
554	-6	44	-6	-18	-2	14	12	10	
555	-4	46	-8	-20	-2	14	12	10	
556	-2	46	-10	-20	0	16	14	12	
557	0	48	-14	-22	0	16	14	12	
558	0	50	-16	-22	0	16	16	12	
559	2	52	-18	-22	0	18	18	14	
560	4	52	-20	-22	2	18	18	16	
561	6	54	-22	-22	2	20	20	16	
562	8	56	-24	-22	2	20	20	18	
563	8	58	-24	-22	4	20	22	20	
564	10	58	-26	-22	4	22	22	22	
565	12	60	-26	-22	4	22	24	24	
566	12	60	-26	-20	6	22	24	24	
567	14	60	-26	-20	6	20	22	24	
568	14	58	-26	-20	4	20	22	26	
569	16	56	-26	-20	4	20	22	24	
570	16	54	-26	-20	2	18	20	24	
571	16	52	-24	-20	2	16	18	22	
572	14	48	-24	-20	0	14	16	20	
573	14	46	-24	-20	-2	12	14	18	
574	12	42	-22	-22	-6	8	10	16	
575	10	36	-20	-22	-8	6	8	14	
576	8	32	-20	-22	-10	2	6	12	
577	6	28	-18	-22	-12	0	4	8	
578	4	24	-16	-22	-12	-2	2	6	
579	2	20	-14	-22	-14	-4	-2	4	
580	-2	14	-14	-22	-16	-6	-4	2	
581	-4	10	-12	-22	-16	-8	-4	0	
582	-8	6	-10	-22	-18	-10	-6	-2	
583	-10	2	-8	-22	-18	-12	-8	-4	
584	-14	-2	-6	-20	-20	-14	-10	-6	
585	-16	-6	-4	-20	-20	-16	-12	-8	
586	-20	-10	-2	-20	-20	-16	-14	-10	
587	-22	-14	0	-20	-22	-18	-16	-10	
588	-24	-16	2	-20	-22	-18	-18	-12	
589	-26	-20	2	-20	-24	-20	-18	-14	
590	-28	-22	4	-20	-24	-20	-20	-16	
591	-30	-24	4	-20	-24	-22	-22	-18	
592	-30	-26	6	-20	-26	-22	-22	-18	
593	-32	-28	6	-20	-26	-22	-24	-20	
594	-32	-28	6	-20	-26	-22	-24	-20	
595	-34	-30	6	-20	-26	-24	-24	-20	
596	-34	-30	6	-18	-26	-24	-24	-20	
597	-34	-30	6	-18	-26	-24	-24	-20	
598	-36	-30	6	-18	-26	-24	-26	-20	
599	-36	-30	6	-18	-26	-24	-26	-20	
600	-36	-30	6	-18	-26	-24	-26	-20	
601	-36	-30	6	-18	-28	-26	-26	-20	
602	-38	-30	6	-18	-28	-26	-26	-20	
603	-38	-28	6	-20	-28	-26	-26	-22	
604	-40	-26	6	-20	-30	-26	-26	-22	
605	-42	-24	6	-22	-32	-26	-26	-22	
606	-46	-22	6	-26	-34	-26	-26	-24	
607	-48	-18	8	-28	-36	-26	-26	-24	
608	-54	-14	10	-32	-38	-24	-24	-24	
609	-58	-10	12	-34	-38	-22	-22	-24	
610	-64	-6	16	-36	-38	-18	-18	-24	
611	-68	-2	18	-38	-38	-12	-14	-22	
612	-74	4	22	-38	-34	-6	-8	-20	
613	-76	8	26	-36	-28	2	0	-16	
614	-76	12	28	-32	-20	12	10	-10	
615	-74	14	32	-24	-8	24	20	-4	
616	-68	16	34	-14	6	34	30	4	
617	-58	16	36	0	22	46	40	12	
618	-42	14	36	18	42	56	50	20	
619	-22	10	36	38	62	66	56	28	
620	0	2	34	62	84	72	60	36	
621	28	-10	32	88	108	74	60	40	
622	58	-24	28	116	128	72	56	42	
623	88	-44	26	142	148	64	46	42	
624	120	-66	22	170	164	52	32	36	
625	150	-92	18	194	174	34	10	26	
626	176	-120	16	216	180	10	-14	12	
627	198	-148	14	232	180	-18	-44	-4	
628	216	-178	12	242	172	-48	-76	-26	
629	226	-206	10	246	160	-80	-110	-50	
630	230	-234	10	242	142	-114	-142	-74	
631	226	-256	12	232	118	-144	-174	-100	
632	216	-274	14	216	92	-172	-202	-124	
633	200	-288	18	196	62	-198	-224	-146	
634	178	-298	22	170	34	-216	-242	-166	
635	150	-300	30	144	6	-230	-254	-182	
636	122	-300	40	118	-20	-238	-260	-192	
637	88	-294	50	92	-42	-238	-260	-200	
638	56	-284	64	70	-58	-234	-256	-204	
639	22	-272	80	52	-70	-226	-248	-204	
640	-10	-256	96	40	-76	-214	-236	-200	
641	-40	-242	116	30	-76	-198	-222	-196	
642	-68	-226	136	26	-72	-180	-206	-188	
643	-92	-210	156	28	-66	-162	-190	-180	
644	-114	-194	176	30	-56	-144	-174	-172	
645	-134	-180	196	36	-44	-126	-158	-162	
646	-150	-168	214	42	-32	-108	-144	-154	
647	-162	-154	232	50	-20	-92	-130	-146	
648	-174	-144	248	56	-10	-78	-118	-138	
649	-182	-134	262	60	0	-66	-108	-130	
650	-188	-124	274	64	6	-56	-98	-124	
651	-192	-116	284	64	12	-48	-90	-118	
652	-196	-110	292	64	16	-40	-84	-114	
653	-198	-104	298	62	16	-36	-78	-110	
654	-200	-98	302	58	16	-32	-74	-106	
655	-200	-94	304	52	14	-32	-70	-102	
656	-200	-92	304	46	12	-30	-68	-100	
657	-198	-90	300	40	8	-32	-68	-98	
658	-196	-88	296	32	2	-32	-66	-94	
659	-194	-86	288	24	-4	-34	-66	-92	
660	-188	-82	276	16	-10	-36	-64	-90	
661	-184	-80	262	8	-16	-38	-64	-88	
662	-178	-76	246	0	-22	-40	-62	-84	
663	-170	-72	226	-8	-26	-40	-60	-80	
664	-160	-68	206	-16	-32	-42	-58	-76	
665	-150	-62	182	-24	-36	-42	-54	-70	
666	-140	-56	158	-30	-38	-40	-50	-66	
667	-128	-48	134	-36	-42	-38	-46	-60	
668	-116	-40	110	-40	-44	-36	-42	-54	
669	-104	-34	88	-44	-44	-34	-38	-48	
670	-92	-26	68	-46	-44	-32	-34	-42	
671	-80	-20	48	-46	-44	-30	-30	-36	
672	-68	-14	32	-48	-44	-26	-26	-30	
673	-58	-10	18	-46	-42	-24	-22	-26	
674	-50	-4	8	-46	-42	-22	-20	-22	
675	-42	-2	-2	-44	-40	-20	-16	-18	
676	-36	2	-8	-42	-38	-18	-14	-16	
677	-32	4	-12	-40	-36	-18	-12	-12	
678	-28	4	-16	-38	-36	-16	-10	-10	
679	-26	6	-18	-36	-34	-14	-8	-8	
680	-26	6	-20	-34	-32	-14	-6	-6	
681	-24	8	-20	-32	-32	-12	-4	-6	
682	-24	8	-22	-30	-30	-10	-4	-4	
683	-24	8	-22	-30	-30	-10	-2	-2	
684	-24	8	-22	-30	-28	-10	-2	-2	
685	-24	10	-22	-28	-28	-8	0	0	
686	-22	10	-24	-28	-26	-8	0	0	
687	-22	10	-24	-28	-26	-8	0	0	
688	-20	12	-26	-28	-26	-8	0	2	
689	-18	12	-26	-28	-26	-8	2	2	
690	-18	12	-28	-28	-26	-8	2	2	
691	-16	14	-28	-28	-26	-8	2	2	
692	-14	14	-30	-28	-26	-8	2	2	
693	-12	16	-32	-28	-26	-6	2	4	
694	-12	18	-34	-28	-24	-6	2	4	
695	-10	18	-34	-28	-24	-6	2	4	
696	-10	20	-36	-28	-24	-6	4	4	
697	-8	22	-38	-28	-24	-6	4	4	
698	-6	22	-40	-28	-22	-6	4	6	
699	-6	24	-42	-28	-22	-4	6	6	
700	-4	26	-44	-28	-22	-4	6	8	
701	-2	28	-46	-28	-20	-2	6	8	
702	0	30	-46	-28	-20	-2	8	10	
703	2	30	-48	-28	-18	-2	8	12	
704	4	32	-50	-28	-18	0	10	14	
705	6	34	-52	-28	-16	0	12	14	
706	10	36	-54	-28	-16	0	12	16	
707	12	36	-56	-28	-14	2	14	18	
708	16	38	-58	-26	-14	2	16	20	
709	20	40	-58	-26	-12	4	16	20	
710	22	40	-60	-26	-10	6	18	22	
711	26	42	-62	-24	-10	6	20	24	
712	28	44	-64	-24	-8	8	22	26	
713	32	46	-66	-24	-6	10	24	28	
714	34	48	-70	-24	-4	12	26	30	
715	36	50	-72	-22	-4	14	30	32	
716	40	52	-74	-22	-2	16	32	34	
717	42	54	-78	-22	0	18	34	36	
718	44	58	-80	-22	0	20	38	40	
719	48	62	-84	-22	2	22	40	42	
720	50	64	-88	-22	2	24	42	44	
721	54	68	-90	-22	4	26	46	48	
722	56	72	-94	-22	4	28	48	50	
723	60	78	-98	-22	6	30	50	54	
724	64	82	-102	-22	6	32	54	56	
725	68	86	-106	-24	6	32	56	58	
726	72	90	-108	-24	8	34	58	62	
727	76	94	-112	-24	8	36	60	64	
728	82	98	-116	-24	8	38	62	68	
729	86	102	-120	-26	8	40	64	70	
730	90	106	-124	-26	10	42	66	72	
731	94	108	-126	-26	10	44	68	76	
732	98	112	-130	-28	10	44	72	78	
733	102	114	-134	-28	10	46	74	80	
734	106	118	-138	-28	10	48	76	84	
735	108	120	-140	-30	10	48	76	86	
736	112	122	-144	-30	10	50	78	88	
737	114	124	-146	-32	10	50	80	90	
738	116	126	-150	-32	8	50	82	94	
739	118	128	-152	-32	8	52	82	94	
740	120	130	-154	-34	8	52	84	96	
741	122	130	-156	-34	8	52	84	98	
742	122	132	-158	-34	6	52	84	98	
743	122	132	-158	-34	6	52	84	98	
744	122	132	-158	-36	4	50	84	98	
745	122	134	-158	-36	4	50	84	98	
746	122	134	-158	-38	2	50	82	98	
747	122	132	-158	-38	0	48	80	96	
748	120	132	-156	-38	-2	48	78	94	
749	120	130	-156	-40	-2	46	76	92	
750	118	128	-154	-40	-4	44	74	90	
751	116	126	-152	-42	-6	44	72	88	
752	112	124	-148	-42	-6	42	70	86	
753	110	120	-146	-42	-8	40	66	82	
754	106	116	-142	-42	-8	40	64	80	
755	100	112	-138	-42	-10	38	60	76	
756	96	108	-132	-42	-10	36	58	74	
757	90	104	-128	-40	-10	36	56	70	
758	84	100	-122	-38	-10	34	54	66	
759	78	96	-116	-38	-8	34	50	64	
760	72	90	-110	-36	-8	32	48	60	
761	66	86	-104	-34	-8	32	46	58	
762	60	82	-98	-32	-6	32	44	54	
763	56	76	-92	-28	-6	30	42	52	
764	50	72	-86	-26	-4	30	40	48	
765	46	68	-78	-24	-2	28	36	46	
766	40	64	-72	-22	-2	28	34	42	
767	36	58	-68	-20	0	26	32	40	
768	32	54	-62	-18	0	24	30	36	
769	28	50	-56	-16	2	24	28	34	
770	24	46	-52	-14	2	22	26	30	
771	20	42	-46	-12	2	20	24	28	
772	16	38	-42	-10	4	20	22	24	
773	12	34	-38	-8	4	18	20	22	
774	8	32	-34	-6	4	16	18	20	
775	6	28	-30	-4	4	16	16	18	
776	4	24	-26	-4	4	14	14	16	
777	2	22	-22	-2	4	14	12	12	
778	0	18	-20	-2	4	12	10	10	
779	-2	16	-16	-2	4	12	8	8	
780	-4	14	-14	-2	4	10	6	6	
781	-6	12	-10	-2	4	10	6	4	
782	-8	10	-8	0	4	10	4	4	
783	-10	8	-6	0	4	10	4	2	
784	-12	8	-4	0	4	10	2	2	
785	-12	6	-2	0	6	10	2	0	
786	-14	4	0	0	6	10	2	0	
787	-16	4	2	0	6	10	2	0	
788	-18	2	4	2	6	12	2	0	
789	-18	2	6	2	6	12	2	0	
790	-20	0	6	2	6	12	2	2	
791	-20	0	6	2	6	12	2	2	
792	-20	0	8	2	6	12	2	2	
793	-20	-2	8	2	6	12	2	2	
794	-20	-2	6	0	4	12	0	2	
795	-18	-2	6	0	4	12	0	2	
796	-18	-4	6	-2	2	10	0	0	
797	-16	-4	6	-2	0	10	-2	0	
798	-16	-4	4	-4	-2	10	-2	-2	
799	-14	-4	4	-6	-2	8	-4	-2	
800	-14	-4	4	-6	-4	8	-4	-4	
801	-14	-4	2	-8	-6	8	-4	-4	
802	-14	-4	2	-8	-6	6	-4	-4	
803	-14	-4	2	-10	-6	6	-4	-4	
804	-14	-4	2	-10	-6	6	-4	-4	
805	-14	-2	2	-10	-6	6	-4	-4	
806	-16	-2	2	-10	-6	6	-4	-4	
807	-16	-2	2	-10	-6	6	-4	-4	
808	-16	-2	4	-10	-6	8	-2	-2	
809	-18	0	4	-8	-4	8	-2	-2	
810	-18	0	4	-8	-4	8	-2	-2	
811	-18	0	4	-8	-4	8	0	0	
812	-20	0	4	-8	-4	8	0	0	
813	-20	0	6	-8	-2	8	0	2	
814	-20	0	6	-8	-2	8	0	2	
815	-18	0	6	-10	-2	8	-2	2	
816	-18	0	6	-10	-2	8	-2	2	
817	-18	-2	6	-10	-2	8	-2	2	
818	-18	-2	6	-10	-2	8	-2	2	
819	-18	-2	6	-10	-2	8	-2	0	
820	-18	-4	6	-10	-2	8	-4	0	
821	-18	-4	6	-10	-2	8	-4	0	
822	-18	-6	6	-10	-2	8	-4	-2	
823	-20	-6	6	-10	-2	8	-4	-2	
824	-20	-8	6	-8	-2	8	-4	-2	
825	-22	-8	6	-8	-2	10	-2	-2	
826	-22	-10	6	-8	-2	10	-2	-4	
827	-24	-10	6	-8	-2	10	-2	-4	
828	-26	-10	6	-8	-2	10	-2	-4	
829	-26	-10	6	-8	-4	10	-2	-4	
830	-28	-12	8	-8	-4	10	-2	-4	
831	-28	-12	8	-8	-4	10	-2	-4	
832	-28	-12	8	-8	-4	10	-2	-4	
833	-28	-12	8	-10	-6	8	-4	-4	
834	-28	-12	8	-10	-6	8	-4	-4	
835	-28	-12	8	-12	-8	8	-4	-4	
836	-26	-12	8	-12	-8	6	-6	-6	
837	-26	-12	8	-12	-10	4	-6	-6	
838	-26	-12	8	-14	-10	4	-8	-6	
839	-26	-14	8	-14	-12	4	-8	-6	
840	-26	-14	8	-14	-12	2	-8	-6	
841	-26	-14	8	-14	-12	2	-10	-6	
842	-26	-14	8	-14	-12	2	-10	-8	
843	-26	-14	8	-14	-12	2	-10	-8	
844	-28	-14	8	-14	-12	2	-10	-6	
845	-28	-16	8	-12	-12	2	-10	-6	
846	-28	-16	8	-12	-12	2	-10	-6	
847	-28	-16	8	-12	-12	2	-10	-6	
848	-28	-16	8	-12	-12	2	-10	-6	
849	-28	-18	6	-12	-12	0	-10	-6	
850	-28	-18	6	-12	-12	0	-8	-4	
851	-26	-18	6	-12	-12	0	-8	-4	
852	-26	-16	6	-12	-12	0	-8	-4	
853	-24	-16	6	-12	-12	0	-8	-4	
854	-24	-14	6	-12	-12	2	-6	-4	
855	-22	-12	6	-12	-10	2	-6	-4	
856	-22	-10	6	-12	-10	4	-4	-2	
857	-20	-8	6	-12	-10	4	-4	-2	
858	-20	-6	8	-12	-8	6	-2	-2	
859	-20	-2	8	-10	-6	8	0	0	
860	-18	0	8	-10	-4	10	2	0	
861	-18	2	10	-8	-4	12	2	0	
862	-18	4	10	-8	-2	14	4	2	
863	-16	6	10	-6	0	16	6	2	
864	-16	8	12	-6	2	18	6	4	
865	-16	10	12	-4	2	18	8	4	
866	-16	10	10	-4	4	20	10	6	
867	-16	12	10	-4	4	20	10	6	
868	-16	12	10	-4	4	22	12	6	
869	-16	14	8	-4	4	22	12	8	
870	-14	16	8	-4	4	22	12	8	
871	-14	16	6	-4	4	22	12	8	
872	-14	18	4	-4	4	24	14	10	
873	-14	20	2	-6	4	24	14	10	
874	-12	22	0	-6	4	24	14	10	
875	-12	24	-2	-6	4	24	16	12	
876	-10	26	-4	-8	4	26	16	12	
877	-8	28	-6	-10	4	26	16	14	
878	-6	30	-8	-10	4	26	18	14	
879	-4	32	-10	-10	4	28	20	16	
880	-2	34	-12	-12	4	28	20	18	
881	2	36	-14	-12	4	30	22	20	
882	4	36	-16	-12	4	30	22	22	
883	8	38	-18	-12	4	30	24	22	
884	10	40	-18	-12	4	30	24	24	
885	14	40	-18	-12	4	30	26	26	
886	16	42	-20	-12	4	30	26	26	
887	18	42	-20	-12	4	30	26	28	
888	20	40	-20	-10	4	30	26	28	
889	20	40	-18	-10	4	30	24	28	
890	20	38	-18	-10	4	28	24	28	
891	20	36	-18	-10	4	26	22	26	
892	18	32	-16	-10	2	24	20	26	
893	16	28	-16	-10	2	22	18	24	
894	14	26	-14	-10	0	20	16	22	
895	12	22	-12	-10	0	18	14	20	
896	8	16	-10	-10	-2	14	12	18	
897	4	12	-10	-10	-4	12	10	14	
898	2	8	-8	-12	-6	10	6	12	
899	-2	4	-6	-12	-8	6	4	10	
900	-4	0	-4	-12	-10	2	2	6	
901	-8	-4	-4	-14	-12	0	0	4	
902	-12	-8	-2	-14	-14	-2	-4	0	
903	-14	-12	0	-14	-16	-6	-6	-2	
904	-16	-16	2	-16	-18	-8	-8	-6	
905	-20	-20	2	-16	-18	-10	-10	-8	
906	-22	-26	4	-16	-20	-12	-12	-10	
907	-24	-30	6	-16	-20	-14	-14	-14	
908	-28	-32	8	-16	-22	-14	-14	-14	
909	-30	-36	8	-16	-22	-14	-16	-16	
910	-32	-40	10	-16	-22	-16	-16	-18	
911	-32	-42	12	-14	-22	-16	-16	-18	
912	-34	-44	12	-14	-22	-16	-16	-18	
913	-36	-46	14	-14	-22	-14	-16	-18	
914	-36	-48	14	-14	-20	-14	-16	-18	
915	-36	-50	16	-14	-20	-14	-16	-18	
916	-36	-50	16	-14	-20	-14	-16	-18	
917	-36	-50	16	-12	-20	-14	-16	-18	
918	-36	-52	16	-12	-20	-14	-16	-18	
919	-36	-52	18	-12	-20	-16	-16	-18	
920	-36	-52	18	-14	-20	-16	-16	-18	
921	-36	-52	18	-14	-22	-16	-16	-18	
922	-36	-52	18	-14	-22	-18	-16	-18	
923	-36	-52	18	-16	-24	-18	-16	-18	
924	-38	-52	18	-16	-24	-18	-16	-18	
925	-40	-50	18	-18	-26	-18	-16	-18	
926	-42	-48	20	-20	-26	-18	-16	-18	
927	-46	-46	20	-22	-28	-18	-16	-18	
928	-50	-44	22	-26	-30	-16	-14	-18	
929	-56	-38	24	-28	-30	-14	-12	-18	
930	-62	-34	26	-30	-30	-10	-10	-18	
931	-66	-30	28	-32	-30	-6	-6	-16	
932	-72	-24	32	-34	-28	0	-2	-14	
933	-74	-18	34	-32	-22	8	4	-12	
934	-76	-14	38	-30	-16	16	12	-8	
935	-76	-8	42	-24	-8	26	20	-4	
936	-72	-6	44	-16	4	36	28	2	
937	-64	-4	46	-4	20	46	38	8	
938	-50	-4	46	10	36	58	46	16	
939	-34	-6	46	28	56	66	54	22	
940	-12	-12	44	50	76	74	58	30	
941	12	-20	42	74	98	78	60	36	
942	42	-32	40	102	118	76	56	38	
943	72	-50	36	128	138	72	50	40	
944	104	-70	32	156	154	60	38	36	
945	134	-94	28	182	166	44	20	30	
946	164	-120	24	204	172	22	-4	18	
947	190	-150	20	224	174	-4	-30	2	
948	212	-180	18	236	168	-34	-60	-16	
949	226	-210	16	244	158	-66	-94	-38	
950	236	-236	14	244	142	-98	-126	-62	
951	238	-262	14	238	120	-130	-158	-88	
952	232	-284	14	226	96	-160	-186	-112	
953	220	-300	16	208	70	-184	-210	-134	
954	202	-312	22	186	42	-206	-230	-156	
955	178	-318	26	160	16	-220	-244	-172	
956	148	-318	34	134	-10	-228	-252	-184	
957	116	-314	44	110	-32	-232	-254	-194	
958	82	-306	56	86	-48	-228	-250	-198	
959	48	-294	70	66	-60	-220	-244	-198	
960	14	-280	86	52	-68	-208	-232	-196	
961	-18	-264	104	40	-70	-192	-218	-190	
962	-48	-248	124	34	-68	-174	-202	-184	
963	-76	-230	144	34	-62	-154	-186	-174	
964	-100	-214	164	36	-52	-136	-168	-166	
965	-120	-200	184	42	-40	-116	-152	-156	
966	-138	-186	204	48	-28	-98	-136	-148	
967	-152	-172	222	56	-16	-82	-122	-140	
968	-164	-160	240	64	-2	-66	-110	-132	
969	-172	-150	256	70	8	-54	-98	-124	
970	-180	-142	270	76	18	-42	-88	-118	
971	-186	-134	282	80	26	-34	-80	-112	
972	-190	-128	294	82	34	-26	-72	-106	
973	-192	-122	302	82	38	-20	-66	-102	
974	-196	-120	310	82	40	-16	-62	-98	
975	-198	-116	316	78	40	-14	-58	-96	
976	-198	-116	318	74	38	-12	-56	-92	
977	-198	-114	318	68	36	-12	-54	-90	
978	-198	-114	316	60	32	-14	-54	-88	
979	-196	-112	312	52	26	-16	-54	-88	
980	-194	-112	304	44	20	-18	-54	-86	
981	-190	-108	292	34	14	-20	-54	-84	
982	-184	-106	278	24	6	-24	-54	-82	
983	-178	-102	260	14	-2	-26	-54	-80	
984	-170	-96	240	4	-10	-28	-52	-78	
985	-160	-88	216	-4	-16	-30	-50	-74	
986	-148	-80	192	-14	-22	-30	-48	-70	
987	-136	-72	168	-22	-28	-30	-44	-64	
988	-124	-62	142	-28	-32	-30	-40	-58	
989	-112	-52	118	-32	-34	-28	-34	-52	
990	-100	-44	94	-36	-36	-26	-30	-44	
991	-88	-36	74	-38	-38	-22	-24	-36	
992	-76	-28	54	-40	-36	-20	-20	-30	
993	-66	-22	38	-40	-36	-16	-14	-22	
994	-56	-18	26	-38	-34	-14	-10	-16	
995	-48	-14	14	-36	-32	-10	-6	-10	
996	-42	-12	6	-34	-30	-8	-2	-4	
997	-36	-12	0	-32	-26	-4	0	0	
998	-32	-12	-4	-28	-24	-2	2	4	
999	-28	-12	-8	-26	-22	0	4	6	
1000	-24	-12	-10	-26	-22	2	6	8	
1001	-22	-12	-12	-24	-20	2	6	10	
1002	-22	-12	-14	-24	-20	2	8	10	
1003	-20	-12	-16	-22	-18	2	8	10	
1004	-18	-12	-16	-22	-18	2	8	10	
1005	-18	-10	-18	-24	-18	2	8	10	
1006	-16	-10	-18	-24	-18	2	8	8	
1007	-16	-8	-20	-24	-18	2	8	8	
1008	-14	-6	-20	-24	-18	0	6	8	
1009	-14	-6	-22	-24	-18	0	6	8	
1010	-12	-4	-22	-24	-18	0	6	8	
1011	-12	-4	-22	-24	-18	0	6	8	
1012	-10	-2	-24	-24	-16	0	6	8	
1013	-10	-2	-24	-24	-16	0	6	8	
1014	-8	0	-24	-24	-16	0	8	10	
1015	-8	0	-26	-24	-16	0	8	10	
1016	-6	2	-26	-24	-14	0	8	12	
1017	-6	2	-26	-24	-14	0	8	12	
1018	-4	4	-28	-24	-14	0	10	12	
1019	-2	6	-30	-24	-14	2	10	14	
1020	-2	6	-30	-24	-14	2	10	14	
1021	0	8	-32	-24	-14	2	12	14	
1022	2	12	-34	-24	-14	4	12	16	
1023	4	14	-36	-22	-12	4	14	16	
1024	6	16	-38	-22	-12	6	16	18	
1025	8	18	-40	-22	-12	6	16	18	
1026	10	22	-42	-22	-12	8	18	20	
1027	12	24	-44	-22	-10	10	20	20	
1028	14	26	-46	-20	-10	12	22	22	
1029	16	30	-48	-20	-8	14	24	24	
1030	20	32	-50	-20	-6	16	28	26	
1031	22	34	-52	-18	-6	16	30	28	
1032	24	36	-54	-18	-4	18	32	32	
1033	28	40	-58	-18	-4	20	36	34	
1034	30	42	-60	-16	-2	22	38	36	
1035	34	44	-62	-16	-2	24	40	40	
1036	38	48	-66	-16	0	26	42	42	
1037	42	50	-68	-16	0	26	44	46	
1038	46	52	-72	-16	2	28	46	48	
1039	50	56	-76	-16	2	30	48	52	
1040	54	58	-78	-16	2	30	50	54	
1041	58	62	-82	-16	4	32	52	58	
1042	62	64	-86	-16	4	34	54	60	
1043	64	68	-90	-18	6	36	56	62	
1044	68	72	-94	-18	6	36	58	66	
1045	72	74	-96	-18	6	38	60	68	
1046	76	78	-100	-18	8	40	64	70	
1047	80	82	-104	-18	8	42	66	72	
1048	82	86	-108	-20	8	42	68	76	
1049	86	90	-112	-20	8	44	70	78	
1050	90	94	-118	-20	10	46	72	80	
1051	94	98	-122	-20	10	48	76	82	
1052	96	102	-126	-22	10	48	78	84	
1053	100	106	-128	-22	10	50	80	88	
1054	104	110	-132	-22	10	52	84	90	
1055	108	114	-136	-24	12	54	86	92	
1056	110	118	-140	-24	12	54	88	96	
1057	114	122	-142	-24	12	56	90	98	
1058	118	124	-144	-26	12	58	92	100	
1059	120	126	-146	-26	14	58	94	102	
1060	122	128	-148	-26	14	60	96	104	
1061	124	130	-150	-28	14	60	96	104	
1062	126	130	-152	-28	12	60	96	106	
1063	128	130	-152	-28	12	60	98	106	
1064	128	130	-154	-30	12	60	96	106	
1065	130	130	-154	-30	10	60	96	106	
1066	128	130	-154	-30	10	60	94	106	
1067	128	128	-154	-30	8	58	94	104	
1068	126	126	-152	-30	6	58	92	104	
1069	124	126	-150	-32	6	56	90	102	
1070	122	122	-148	-32	4	54	88	100	
1071	120	120	-146	-32	4	52	86	98	
1072	116	118	-144	-30	2	52	82	96	
1073	112	114	-140	-30	2	50	80	94	
1074	110	112	-136	-30	0	48	78	92	
1075	106	108	-132	-30	0	46	74	88	
1076	102	104	-128	-30	-2	42	72	86	
1077	98	100	-124	-30	-2	40	68	82	
1078	94	96	-118	-28	-2	38	66	78	
1079	88	92	-114	-28	-2	36	62	74	
1080	84	90	-110	-28	-4	34	58	70	
1081	80	86	-104	-26	-4	32	56	64	
1082	76	82	-100	-26	-4	30	52	60	
1083	70	78	-94	-24	-2	28	50	56	
1084	66	76	-88	-22	-2	26	46	52	
1085	60	72	-84	-20	-2	26	44	48	
1086	56	68	-78	-18	0	24	42	44	
1087	50	66	-72	-16	2	24	40	42	
1088	44	62	-66	-12	2	24	38	40	
1089	40	58	-60	-10	4	24	36	38	
1090	34	54	-54	-6	6	24	34	36	
1091	30	50	-48	-4	8	24	32	34	
1092	24	48	-42	0	8	24	32	32	
1093	20	44	-36	2	10	22	30	32	
1094	16	40	-30	4	12	22	28	30	
1095	12	36	-26	6	12	22	26	28	
1096	10	32	-22	8	12	20	26	26	
1097	6	30	-18	10	12	18	24	26	
1098	4	26	-14	10	12	18	22	24	
1099	4	24	-12	10	12	16	20	22	
1100	2	20	-10	10	12	16	18	20	
1101	2	18	-8	10	10	14	18	18	
1102	2	16	-6	10	10	12	16	16	
1103	2	14	-4	10	10	12	14	14	
1104	2	10	-4	8	10	10	12	12	
1105	2	10	-2	8	10	10	12	10	
1106	2	8	-2	8	10	10	10	8	
1107	2	6	0	6	8	10	10	8	
1108	2	6	0	6	8	8	8	6	
1109	2	4	2	4	8	8	8	4	
1110	0	4	2	4	8	8	6	2	
1111	0	4	2	4	8	8	6	2	
1112	0	2	4	4	8	8	6	0	
1113	-2	2	4	2	8	6	4	0	
1114	-2	2	6	2	6	6	4	-2	
1115	-4	2	6	2	6	6	4	-2	
1116	-4	2	6	2	6	6	2	-4	
1117	-6	0	8	2	4	4	2	-4	
1118	-6	0	8	2	4	4	2	-4	
1119	-6	0	8	2	4	4	0	-4	
1120	-8	-2	8	0	2	4	0	-4	
1121	-8	-2	8	0	2	4	0	-4	
1122	-10	-2	8	0	0	2	0	-4	
1123	-10	-2	8	0	0	2	0	-4	
1124	-12	-2	8	0	-2	2	0	-2	
1125	-12	-2	8	0	-2	2	0	-2	
1126	-12	-2	6	0	-2	2	0	0	
1127	-14	-2	6	-2	-2	0	2	0	
1128	-14	0	6	-2	-4	0	2	0	
1129	-14	0	6	-2	-4	0	2	2	
1130	-16	2	4	-2	-4	0	2	2	
1131	-16	2	4	-2	-4	0	4	2	
1132	-14	4	4	-2	-4	0	4	2	
1133	-14	4	4	-2	-4	0	4	2	
1134	-14	6	4	-2	-4	0	4	2	
1135	-14	8	4	-2	-4	0	4	2	
1136	-12	8	2	-2	-2	0	4	2	
1137	-12	8	2	-2	-2	0	4	2	
1138	-10	10	2	-2	-2	0	4	0	
1139	-10	10	2	-2	-2	2	4	0	
1140	-10	10	2	-4	-2	2	4	0	
1141	-10	10	2	-4	-2	2	4	0	
1142	-8	10	2	-4	-2	2	4	0	
1143	-8	10	2	-4	-2	2	4	0	
1144	-8	8	2	-6	-4	2	4	0	
1145	-8	8	2	-6	-4	2	4	0	
1146	-8	8	2	-8	-6	0	4	0	
1147	-8	6	2	-8	-6	0	2	-2	
1148	-8	6	2	-10	-8	-2	2	-2	
1149	-8	6	2	-10	-8	-2	0	-2	
1150	-8	6	2	-10	-10	-4	-2	-4	
1151	-8	4	2	-12	-12	-4	-2	-6	
1152	-8	4	2	-12	-12	-6	-4	-6	
1153	-10	4	2	-12	-12	-6	-4	-8	
1154	-10	4	2	-12	-14	-6	-6	-10	
1155	-12	4	2	-12	-14	-6	-6	-10	
1156	-14	4	2	-12	-14	-8	-6	-12	
1157	-14	4	4	-12	-14	-6	-6	-12	
1158	-16	4	4	-10	-14	-6	-6	-12	
1159	-18	4	4	-10	-14	-6	-6	-12	
1160	-18	4	4	-10	-14	-6	-4	-10	
1161	-18	4	4	-10	-12	-6	-4	-10	
1162	-20	4	4	-8	-12	-6	-4	-8	
1163	-18	2	4	-8	-12	-6	-4	-8	
1164	-18	2	4	-8	-12	-6	-2	-6	
1165	-18	2	4	-8	-12	-6	-2	-4	
1166	-16	0	4	-8	-12	-6	-2	-4	
1167	-16	0	4	-8	-14	-8	-4	-2	
1168	-14	0	4	-8	-14	-8	-4	-2	
1169	-14	0	2	-10	-14	-8	-4	-2	
1170	-14	0	2	-10	-12	-8	-4	-2	
1171	-14	0	2	-10	-12	-8	-4	-4	
1172	-14	0	2	-10	-12	-8	-4	-4	
1173	-14	2	2	-8	-12	-6	-4	-4	
1174	-14	4	2	-8	-10	-6	-4	-6	
1175	-14	6	2	-8	-10	-4	-4	-6	
1176	-14	8	4	-8	-8	-4	-4	-6	
1177	-14	10	4	-6	-8	-2	-2	-6	
1178	-14	14	4	-6	-6	0	-2	-6	
1179	-14	16	6	-6	-6	2	0	-6	
1180	-12	20	6	-6	-4	2	2	-6	
1181	-12	22	6	-6	-4	4	2	-4	
1182	-10	24	6	-6	-4	6	4	-4	
1183	-10	28	6	-6	-4	6	4	-2	
1184	-10	28	6	-6	-4	6	6	0	
1185	-8	30	6	-6	-4	8	6	2	
1186	-8	32	6	-6	-4	8	8	4	
1187	-6	34	4	-8	-4	8	8	6	
1188	-6	34	2	-8	-4	10	10	6	
1189	-4	36	2	-8	-4	10	10	8	
1190	-4	38	0	-8	-4	10	10	8	
1191	-4	38	-2	-10	-2	12	12	10	
1192	-2	40	-4	-10	-2	12	12	10	
1193	-2	42	-6	-10	-2	12	12	10	
1194	0	46	-8	-10	-2	14	14	10	
1195	0	48	-12	-12	-2	14	14	10	
1196	2	50	-14	-12	0	16	16	10	
1197	4	54	-16	-12	0	18	16	10	
1198	4	56	-18	-12	0	18	18	10	
1199	6	58	-20	-14	0	20	20	12	
1200	8	62	-22	-14	0	22	22	12	
1201	8	64	-24	-14	0	22	24	14	
1202	10	66	-24	-14	0	24	24	16	
1203	12	66	-26	-14	0	24	26	18	
1204	14	68	-26	-14	0	24	28	22	
1205	16	68	-28	-14	0	24	28	24	
1206	18	68	-28	-14	0	24	30	26	
1207	20	68	-28	-14	0	24	30	28	
1208	22	66	-28	-14	0	22	30	28	
1209	22	66	-28	-14	0	22	30	30	
1210	22	64	-26	-14	-2	20	28	28	
1211	22	62	-26	-14	-2	18	26	28	
1212	22	58	-24	-12	-2	16	24	26	
1213	20	56	-24	-12	-4	14	22	24	
1214	20	52	-22	-12	-4	12	20	22	
1215	18	48	-20	-12	-6	8	18	20	
1216	16	44	-20	-12	-6	6	14	16	
1217	12	40	-18	-12	-6	4	12	14	
1218	10	36	-16	-12	-8	2	8	10	
1219	6	32	-14	-12	-8	0	6	8	
1220	4	28	-12	-12	-10	-4	2	4	
1221	0	24	-10	-12	-10	-6	0	2	
1222	-2	18	-8	-12	-12	-8	-4	0	
1223	-6	14	-8	-14	-14	-10	-6	-4	
1224	-8	10	-6	-14	-14	-12	-8	-6	
1225	-10	4	-4	-14	-16	-14	-12	-8	
1226	-14	0	-2	-16	-18	-16	-14	-10	
1227	-16	-4	0	-16	-18	-16	-16	-12	
1228	-18	-8	2	-18	-20	-18	-18	-16	
1229	-20	-12	2	-18	-22	-18	-20	-18	
1230	-22	-14	4	-18	-22	-20	-20	-18	
1231	-24	-16	4	-20	-22	-20	-20	-20	
1232	-26	-18	4	-20	-22	-20	-22	-22	
1233	-26	-20	6	-20	-22	-20	-22	-22	
1234	-28	-20	6	-18	-22	-20	-22	-22	
1235	-30	-20	6	-18	-22	-20	-22	-22	
1236	-30	-20	6	-18	-22	-20	-20	-22	
1237	-30	-20	6	-16	-22	-20	-20	-22	
1238	-30	-20	6	-16	-20	-20	-20	-22	
1239	-30	-20	6	-14	-20	-20	-20	-22	
1240	-30	-20	6	-14	-20	-22	-20	-22	
1241	-30	-20	6	-14	-22	-22	-20	-22	
1242	-30	-20	6	-14	-22	-22	-22	-22	
1243	-32	-20	8	-14	-22	-24	-22	-22	
1244	-32	-20	8	-16	-24	-24	-22	-22	
1245	-34	-18	10	-18	-26	-24	-22	-22	
1246	-36	-18	10	-20	-28	-24	-22	-22	
1247	-40	-16	12	-22	-28	-24	-22	-22	
1248	-44	-12	14	-24	-30	-22	-20	-22	
1249	-48	-10	18	-26	-30	-18	-18	-22	
1250	-54	-6	20	-28	-30	-14	-14	-20	
1251	-60	-2	24	-28	-28	-8	-8	-18	
1252	-64	4	28	-26	-24	0	-2	-14	
1253	-66	8	32	-24	-16	10	6	-10	
1254	-68	12	36	-18	-8	20	16	-6	
1255	-66	14	38	-12	4	32	28	2	
1256	-60	16	40	0	18	46	38	10	
1257	-50	18	42	12	34	58	50	18	
1258	-36	16	44	30	54	70	60	26	
1259	-18	10	42	50	74	80	70	36	
1260	4	2	42	72	96	88	74	44	
1261	30	-8	40	96	118	90	76	50	
1262	58	-24	36	122	138	88	72	54	
1263	88	-42	34	148	156	82	64	54	
1264	118	-64	30	174	172	70	50	50	
1265	146	-88	26	196	182	52	30	42	
1266	170	-114	22	216	186	28	4	30	
1267	192	-142	18	230	186	0	-24	12	
1268	210	-170	16	240	178	-30	-56	-8	
1269	220	-196	14	242	166	-64	-90	-30	
1270	226	-220	12	238	146	-96	-122	-54	
1271	224	-240	12	228	124	-128	-154	-78	
1272	216	-258	12	210	98	-156	-182	-100	
1273	200	-268	14	190	70	-180	-204	-122	
1274	180	-274	18	166	40	-200	-222	-140	
1275	156	-276	24	140	14	-212	-234	-154	
1276	128	-274	32	112	-10	-218	-238	-166	
1277	98	-266	42	88	-32	-220	-238	-172	
1278	66	-256	54	66	-48	-214	-234	-176	
1279	34	-242	70	50	-58	-204	-226	-176	
1280	4	-228	86	36	-64	-192	-214	-172	
1281	-26	-214	104	28	-64	-176	-200	-168	
1282	-52	-198	124	26	-60	-158	-186	-162	
1283	-78	-184	144	26	-52	-140	-170	-156	
1284	-98	-170	164	32	-42	-120	-156	-148	
1285	-116	-158	184	38	-28	-104	-142	-142	
1286	-132	-148	204	46	-16	-86	-128	-136	
1287	-144	-138	222	56	-4	-72	-116	-128	
1288	-154	-128	238	64	8	-58	-106	-124	
1289	-162	-120	254	70	18	-48	-96	-118	
1290	-166	-114	266	74	26	-38	-90	-114	
1291	-170	-108	278	78	32	-32	-82	-108	
1292	-174	-102	288	78	36	-26	-78	-104	
1293	-174	-98	294	76	38	-22	-74	-102	
1294	-176	-96	300	74	38	-20	-70	-98	
1295	-176	-94	304	68	34	-18	-68	-96	
1296	-176	-92	306	62	32	-18	-66	-94	
1297	-176	-90	304	56	26	-20	-64	-92	
1298	-174	-88	300	48	20	-22	-64	-90	
1299	-172	-88	294	40	14	-24	-64	-88	
1300	-170	-86	286	30	6	-26	-62	-88	
1301	-166	-82	272	22	0	-28	-62	-86	
1302	-162	-80	258	12	-8	-30	-60	-84	
1303	-156	-74	240	4	-14	-32	-58	-82	
1304	-150	-70	218	-6	-20	-34	-56	-78	
1305	-142	-62	196	-14	-26	-34	-54	-74	
1306	-134	-56	172	-20	-30	-32	-50	-70	
1307	-124	-48	148	-26	-34	-32	-46	-66	
1308	-114	-40	124	-32	-38	-30	-40	-60	
1309	-104	-34	102	-36	-38	-28	-36	-54	
1310	-94	-26	80	-38	-40	-24	-30	-46	
1311	-84	-20	60	-40	-38	-22	-24	-40	
1312	-74	-14	44	-40	-38	-18	-20	-34	
1313	-66	-10	30	-38	-36	-16	-16	-26	
1314	-58	-6	18	-36	-34	-14	-12	-20	
1315	-50	-4	10	-34	-30	-10	-8	-16	
1316	-44	-2	2	-32	-28	-10	-4	-10	
1317	-38	0	-2	-28	-26	-8	-2	-6	
1318	-34	0	-6	-26	-24	-6	0	-4	
1319	-30	0	-8	-24	-22	-6	0	-2	
1320	-26	2	-10	-22	-20	-6	2	0	
1321	-24	2	-12	-20	-20	-6	2	2	
1322	-20	2	-12	-20	-18	-4	2	2	
1323	-18	4	-14	-20	-18	-4	2	2	
1324	-16	4	-16	-20	-18	-4	2	2	
1325	-14	6	-16	-20	-18	-4	0	2	
1326	-12	6	-18	-20	-18	-4	0	2	
1327	-10	8	-20	-22	-18	-4	0	2	
1328	-8	8	-22	-22	-18	-2	0	2	
1329	-6	10	-22	-22	-18	-2	0	2	
1330	-6	10	-24	-22	-18	-2	2	2	
1331	-4	10	-26	-24	-18	0	2	2	
1332	-4	12	-26	-24	-18	0	2	2	
1333	-2	12	-28	-24	-18	0	4	4	
1334	0	14	-30	-24	-16	2	6	4	
1335	0	14	-30	-24	-16	2	6	6	
1336	2	16	-32	-24	-16	4	8	6	
1337	2	16	-32	-24	-14	4	10	8	
1338	4	18	-34	-22	-14	4	10	10	
1339	6	20	-36	-22	-12	6	12	10	
1340	6	22	-36	-22	-12	6	14	12	
1341	8	24	-38	-22	-10	8	14	12	
1342	10	26	-38	-20	-8	8	16	14	
1343	10	28	-40	-20	-8	10	18	16	
1344	12	30	-40	-18	-6	10	18	16	
1345	12	34	-42	-18	-6	12	20	18	
1346	12	36	-44	-18	-4	14	22	20	
1347	14	40	-44	-16	-4	14	22	22	
1348	14	42	-46	-16	-2	16	24	22	
1349	16	46	-48	-16	-2	18	26	24	
1350	18	48	-48	-14	0	20	28	26	
1351	20	52	-50	-14	0	22	30	28	
1352	22	54	-52	-14	0	24	32	30	
1353	24	58	-56	-14	2	26	34	32	
1354	28	62	-58	-14	2	28	38	34	
1355	32	66	-62	-14	4	30	40	38	
1356	36	68	-64	-14	4	34	44	40	
1357	40	72	-68	-14	6	36	46	42	
1358	44	76	-72	-16	6	38	50	46	
1359	48	80	-76	-16	8	40	52	48	
1360	52	84	-80	-16	8	42	54	52	
1361	58	88	-84	-16	8	46	58	54	
1362	62	90	-88	-18	10	48	60	58	
1363	66	94	-94	-18	10	50	62	60	
1364	70	98	-98	-18	12	52	66	64	
1365	74	102	-102	-20	12	54	68	66	
1366	78	106	-106	-20	12	54	70	68	
1367	82	110	-110	-20	14	56	72	72	
1368	84	114	-114	-22	14	58	76	74	
1369	88	116	-118	-22	14	60	78	78	
1370	92	120	-120	-22	16	62	82	80	
1371	94	124	-124	-24	16	64	84	84	
1372	98	128	-128	-24	16	66	86	86	
1373	100	132	-130	-24	18	66	90	90	
1374	102	134	-134	-24	18	68	92	94	
1375	106	138	-136	-24	18	70	94	96	
1376	108	140	-138	-26	18	70	96	100	
1377	110	144	-142	-26	18	70	98	102	
1378	112	146	-144	-26	18	72	100	104	
1379	114	148	-146	-28	18	72	100	106	
1380	116	150	-148	-28	18	72	100	106	
1381	118	152	-148	-28	18	72	100	108	
1382	120	152	-150	-30	16	70	100	108	
1383	120	152	-152	-30	16	70	100	108	
1384	122	152	-152	-32	14	70	100	106	
1385	122	152	-152	-32	14	68	98	106	
1386	122	150	-152	-32	12	68	96	104	
1387	122	148	-152	-34	12	66	96	104	
1388	120	146	-150	-34	10	66	94	102	
1389	118	142	-150	-34	10	64	92	100	
1390	116	140	-148	-34	8	62	90	100	
1391	114	136	-144	-34	8	62	88	98	
1392	110	132	-142	-34	6	60	86	96	
1393	106	128	-138	-34	6	58	82	94	
1394	102	124	-134	-34	4	56	80	90	
1395	98	120	-130	-32	4	54	76	88	
1396	92	116	-124	-32	2	52	74	84	
1397	88	112	-120	-30	2	50	70	80	
1398	82	106	-114	-28	2	48	66	76	
1399	76	102	-108	-28	0	46	62	72	
1400	72	98	-102	-26	0	44	60	68	
1401	66	94	-96	-24	0	42	56	62	
1402	62	90	-90	-22	2	38	52	58	
1403	58	86	-84	-20	2	36	50	54	
1404	54	82	-80	-18	2	34	46	50	
1405	50	78	-74	-16	4	34	44	46	
1406	46	74	-68	-14	4	32	42	42	
1407	42	70	-64	-12	6	30	40	38	
1408	40	66	-60	-10	6	28	38	36	
1409	36	62	-54	-8	8	28	36	34	
1410	34	58	-50	-6	8	26	34	32	
1411	30	54	-46	-4	10	26	32	28	
1412	28	50	-42	-4	10	26	32	26	
1413	24	46	-38	-2	10	24	30	24	
1414	22	44	-34	0	10	24	28	22	
1415	18	40	-30	0	10	22	26	20	
1416	16	38	-26	0	10	22	24	18	
1417	12	36	-22	2	10	20	22	16	
1418	10	32	-18	2	10	20	20	12	
1419	6	30	-16	2	8	18	18	10	
1420	4	28	-12	2	8	18	16	8	
1421	2	26	-10	4	8	16	12	4	
1422	0	24	-8	4	8	14	10	2	
1423	-2	22	-6	4	8	14	8	0	
1424	-4	20	-4	4	8	12	6	-2	
1425	-4	18	-2	4	8	12	6	-2	
1426	-6	16	0	4	8	12	4	-4	
1427	-8	14	2	4	8	12	4	-4	
1428	-8	14	2	6	8	10	2	-4	
1429	-10	12	4	6	8	10	2	-4	
1430	-10	12	4	6	8	10	2	-4	
1431	-10	12	4	6	8	10	2	-4	
1432	-12	10	6	6	8	10	2	-4	
1433	-12	10	6	6	8	10	4	-2	
1434	-12	10	6	6	8	10	4	-2	
1435	-12	10	6	6	8	10	4	0	
1436	-12	10	6	6	8	10	4	0	
1437	-12	10	6	6	8	10	4	0	
1438	-12	8	6	6	8	10	2	0	
1439	-12	8	6	6	6	8	2	0	
1440	-12	8	6	6	6	8	2	0	
1441	-10	6	6	4	6	8	2	-2	
1442	-10	6	6	4	6	6	0	-2	
1443	-10	6	6	4	4	6	0	-2	
1444	-8	6	6	4	4	4	0	-2	
1445	-8	4	4	2	4	4	0	-4	
1446	-8	4	4	2	2	4	-2	-4	
1447	-8	4	4	2	2	2	-2	-4	
1448	-8	4	2	0	2	2	-2	-4	
1449	-8	6	2	0	0	2	-2	-4	
1450	-8	6	2	0	0	2	0	-4	
1451	-10	6	2	0	0	4	0	-4	
1452	-10	8	0	0	0	4	0	-4	
1453	-10	8	0	0	-2	4	0	-4	
1454	-12	8	0	-2	-2	4	0	-4	
1455	-12	10	0	-2	-2	4	2	-4	
1456	-12	10	0	-2	-2	4	2	-2	
1457	-14	10	-2	-2	-2	6	2	-2	
1458	-14	10	-2	-2	-2	6	2	-2	
1459	-14	10	-2	-4	-2	6	2	-2	
1460	-14	10	-2	-4	-2	6	2	-2	
1461	-14	10	-2	-4	-2	4	2	-2	
1462	-12	10	-2	-6	-2	4	2	-2	
1463	-12	10	-2	-6	-2	4	2	-2	
1464	-12	10	-2	-6	-2	4	2	-2	
1465	-12	10	-2	-6	-4	4	2	-2	
1466	-12	10	-2	-6	-4	2	0	-2	
1467	-12	10	-2	-8	-4	2	0	-2	
1468	-12	10	-2	-8	-4	2	0	-2	
1469	-14	10	0	-8	-6	2	-2	-2	
1470	-14	10	0	-8	-6	2	-2	-4	
1471	-14	12	0	-8	-6	0	-2	-4	
1472	-14	12	0	-8	-8	0	-4	-4	
1473	-16	12	2	-8	-8	0	-4	-4	
1474	-16	10	2	-8	-8	0	-4	-6	
1475	-16	10	2	-10	-10	-2	-4	-6	
1476	-16	10	2	-10	-10	-2	-6	-8	
1477	-16	10	2	-10	-10	-2	-6	-8	
1478	-18	10	2	-10	-10	-2	-6	-8	
1479	-18	8	2	-12	-10	-4	-6	-8	
1480	-18	8	2	-12	-12	-4	-6	-10	
1481	-18	8	2	-12	-12	-4	-6	-10	
1482	-20	8	0	-12	-12	-4	-6	-10	
1483	-20	8	0	-12	-12	-4	-6	-10	
1484	-22	8	0	-12	-12	-4	-6	-10	
1485	-22	8	0	-12	-12	-4	-6	-10	
1486	-22	8	0	-12	-12	-4	-6	-10	
1487	-24	8	0	-12	-12	-4	-6	-10	
1488	-24	8	2	-12	-12	-4	-6	-10	
1489	-24	8	2	-14	-12	-4	-6	-10	
1490	-24	10	2	-14	-12	-4	-6	-10	
1491	-24	10	2	-14	-14	-2	-6	-10	
1492	-22	12	2	-14	-14	-2	-6	-10	
1493	-22	12	2	-14	-14	-2	-4	-10	
1494	-20	14	2	-14	-14	0	-4	-10	
1495	-18	16	2	-14	-12	0	-4	-10	
1496	-16	16	2	-14	-12	2	-2	-10	
1497	-16	18	2	-14	-12	2	-2	-8	
1498	-14	20	2	-14	-10	4	0	-8	
1499	-12	22	2	-14	-8	6	0	-8	
1500	-10	24	2	-14	-8	6	2	-6	
1501	-10	26	4	-14	-6	8	2	-4	
1502	-8	26	4	-12	-4	10	4	-4	
1503	-8	28	4	-12	-2	12	6	-2	
1504	-8	30	6	-12	0	14	6	0	
1505	-8	30	6	-12	2	14	8	2	
1506	-6	32	6	-12	2	16	8	2	
1507	-6	34	6	-12	4	18	10	4	
1508	-8	34	6	-12	4	18	10	4	
1509	-8	36	4	-12	4	20	12	6	
1510	-8	36	4	-12	6	20	12	6	
1511	-8	38	2	-12	6	22	12	8	
1512	-8	40	2	-12	6	22	14	8	
1513	-8	42	0	-12	6	22	14	10	
1514	-6	44	-2	-14	6	22	16	10	
1515	-6	44	-4	-14	6	24	16	12	
1516	-6	48	-6	-16	6	24	18	12	
1517	-4	50	-10	-16	6	24	18	14	
1518	-2	52	-12	-16	6	26	20	14	
1519	-2	54	-14	-18	6	26	20	16	
1520	2	56	-16	-18	6	26	22	16	
1521	4	60	-20	-18	6	26	22	16	
1522	6	62	-22	-20	6	28	24	18	
1523	10	64	-24	-20	4	28	24	18	
1524	12	66	-26	-20	4	28	26	20	
1525	16	66	-26	-20	4	28	26	20	
1526	18	68	-28	-20	4	28	26	22	
1527	20	68	-28	-20	4	28	26	22	
1528	22	68	-28	-20	4	28	26	22	
1529	24	66	-28	-20	4	28	26	22	
1530	24	64	-28	-18	2	26	24	22	
1531	24	60	-28	-18	2	24	24	22	
1532	22	56	-26	-18	2	24	22	22	
1533	20	52	-26	-18	0	22	20	20	
1534	18	48	-24	-18	0	20	18	20	
1535	16	44	-22	-18	-2	18	16	18	
1536	14	40	-20	-20	-4	16	14	16	
1537	12	34	-20	-20	-4	12	12	14	
1538	10	30	-18	-20	-6	10	8	12	
1539	6	26	-16	-22	-8	8	6	8	
1540	4	20	-14	-22	-10	6	4	6	
1541	2	16	-12	-22	-12	4	2	4	
1542	-2	12	-12	-24	-12	2	0	0	
1543	-4	8	-10	-24	-14	0	-4	-2	
1544	-6	4	-8	-24	-16	-2	-6	-4	
1545	-8	0	-6	-24	-16	-4	-8	-6	
1546	-10	-4	-6	-24	-18	-6	-10	-10	
1547	-12	-6	-4	-24	-18	-8	-12	-12	
1548	-14	-10	-2	-24	-20	-10	-14	-14	
1549	-16	-14	-2	-24	-20	-12	-16	-14	
1550	-18	-16	0	-24	-20	-14	-18	-16	
1551	-20	-20	2	-22	-20	-16	-20	-18	
1552	-22	-22	4	-22	-22	-16	-20	-18	
1553	-24	-24	4	-22	-22	-18	-20	-20	
1554	-26	-24	6	-20	-22	-18	-20	-20	
1555	-28	-26	6	-20	-20	-18	-20	-20	
1556	-28	-26	8	-18	-20	-18	-20	-22	
1557	-30	-28	8	-18	-20	-18	-20	-22	
1558	-32	-28	10	-16	-20	-18	-20	-22	
1559	-34	-28	10	-16	-20	-18	-20	-22	
1560	-34	-28	10	-16	-20	-18	-18	-22	
1561	-36	-28	10	-16	-20	-18	-18	-22	
1562	-36	-26	10	-16	-22	-20	-18	-22	
1563	-38	-26	10	-16	-22	-20	-18	-22	
1564	-40	-26	10	-18	-24	-20	-20	-22	
1565	-40	-24	10	-20	-26	-20	-20	-22	
1566	-42	-22	10	-22	-26	-20	-20	-22	
1567	-44	-20	12	-24	-28	-20	-20	-22	
1568	-48	-18	12	-28	-30	-20	-20	-22	
1569	-50	-14	14	-32	-32	-18	-18	-22	
1570	-54	-10	16	-34	-32	-14	-16	-22	
1571	-58	-6	18	-36	-32	-10	-12	-20	
1572	-62	-2	20	-38	-30	-4	-6	-18	
1573	-64	2	24	-36	-26	4	0	-14	
1574	-66	6	28	-34	-20	12	8	-10	
1575	-64	10	30	-28	-10	24	18	-4	
1576	-60	12	32	-20	2	36	28	2	
1577	-54	14	34	-8	18	48	40	10	
1578	-44	14	36	8	36	60	50	18	
1579	-28	12	38	26	58	72	60	28	
1580	-10	6	38	48	80	80	68	36	
1581	12	-2	36	72	102	88	74	42	
1582	38	-14	34	98	126	90	74	48	
1583	68	-30	32	126	146	86	68	50	
1584	98	-50	30	152	164	78	58	48	
1585	128	-74	26	178	180	64	42	44	
1586	156	-100	24	200	188	44	20	34	
1587	182	-128	20	218	192	20	-6	20	
1588	204	-156	18	232	190	-10	-38	2	
1589	220	-186	16	238	182	-40	-70	-20	
1590	230	-212	14	240	166	-74	-104	-42	
1591	232	-238	14	234	146	-106	-136	-68	
1592	228	-258	14	222	122	-136	-166	-92	
1593	218	-274	16	204	94	-164	-194	-114	
1594	200	-286	20	182	66	-186	-214	-134	
1595	176	-294	24	158	38	-204	-230	-152	
1596	148	-294	32	134	10	-216	-242	-166	
1597	118	-292	42	108	-12	-220	-246	-176	
1598	84	-286	54	86	-32	-220	-244	-182	
1599	50	-276	68	66	-48	-216	-238	-184	
1600	16	-264	84	52	-58	-206	-230	-184	
1601	-16	-250	100	40	-62	-192	-218	-180	
1602	-46	-236	120	34	-64	-176	-204	-176	
1603	-72	-220	138	32	-60	-160	-188	-170	
1604	-96	-206	158	32	-52	-142	-174	-164	
1605	-116	-192	178	38	-44	-124	-160	-156	
1606	-134	-180	198	42	-32	-108	-146	-150	
1607	-146	-168	216	50	-22	-92	-132	-142	
1608	-158	-158	232	56	-12	-78	-120	-136	
1609	-166	-148	248	62	-2	-66	-110	-130	
1610	-172	-138	262	66	6	-56	-102	-124	
1611	-176	-130	272	70	12	-46	-94	-120	
1612	-180	-122	282	70	18	-40	-88	-114	
1613	-182	-116	290	68	20	-34	-82	-110	
1614	-184	-112	296	66	20	-30	-78	-106	
1615	-186	-108	302	62	18	-28	-74	-102	
1616	-186	-104	304	56	16	-26	-72	-100	
1617	-186	-102	302	50	12	-26	-70	-98	
1618	-186	-100	300	42	6	-28	-68	-96	
1619	-184	-98	294	34	0	-30	-68	-92	
1620	-182	-96	286	24	-6	-32	-68	-90	
1621	-180	-94	274	16	-14	-34	-66	-88	
1622	-174	-90	260	8	-20	-36	-64	-86	
1623	-168	-86	242	-2	-26	-36	-62	-84	
1624	-162	-80	222	-10	-32	-38	-60	-80	
1625	-152	-74	200	-18	-36	-38	-56	-76	
1626	-144	-66	178	-24	-40	-36	-52	-70	
1627	-132	-58	154	-30	-42	-34	-46	-64	
1628	-122	-50	130	-34	-44	-32	-42	-58	
1629	-110	-40	106	-38	-46	-30	-36	-52	
1630	-98	-32	84	-42	-46	-26	-30	-44	
1631	-88	-24	64	-44	-44	-22	-24	-38	
1632	-76	-18	46	-44	-44	-20	-20	-32	
1633	-66	-12	32	-44	-42	-16	-16	-26	
1634	-58	-6	18	-42	-40	-14	-12	-22	
1635	-48	-2	8	-42	-40	-12	-10	-18	
1636	-42	0	-2	-40	-38	-10	-6	-14	
1637	-36	2	-8	-38	-38	-8	-6	-12	
1638	-30	2	-12	-38	-36	-8	-4	-10	
1639	-26	4	-16	-36	-36	-6	-4	-8	
1640	-22	4	-20	-34	-34	-6	-2	-6	
1641	-20	4	-22	-34	-34	-6	-2	-6	
1642	-18	4	-22	-32	-34	-4	-2	-4	
1643	-16	4	-24	-32	-34	-4	-2	-4	
1644	-16	6	-26	-32	-32	-4	0	-4	
1645	-16	6	-26	-30	-32	-4	0	-2	
1646	-14	8	-28	-30	-32	-2	2	0	
1647	-14	8	-28	-30	-30	-2	4	0	
1648	-14	10	-28	-30	-30	0	4	2	
1649	-14	10	-30	-30	-30	0	6	2	
1650	-14	12	-30	-28	-28	2	8	4	
1651	-14	12	-32	-28	-28	2	8	4	
1652	-14	14	-32	-28	-26	2	10	6	
1653	-12	14	-32	-28	-26	4	10	6	
1654	-12	16	-34	-28	-26	4	12	6	
1655	-10	16	-34	-28	-26	4	12	6	
1656	-8	16	-36	-28	-24	4	12	8	
1657	-8	18	-38	-28	-24	6	14	8	
1658	-6	18	-38	-28	-24	6	14	8	
1659	-4	20	-40	-28	-24	6	14	8	
1660	-2	22	-40	-28	-24	6	14	10	
1661	0	22	-42	-28	-22	8	16	10	
1662	2	24	-44	-28	-22	8	16	10	
1663	4	26	-44	-28	-22	10	16	12	
1664	6	28	-46	-26	-20	10	18	14	
1665	8	30	-46	-26	-20	12	18	16	
1666	10	32	-48	-26	-20	14	20	16	
1667	12	34	-50	-26	-18	14	22	18	
1668	14	36	-52	-26	-18	16	24	20	
1669	16	38	-54	-26	-16	18	24	22	
1670	18	40	-56	-26	-16	18	26	24	
1671	20	42	-58	-26	-14	20	28	26	
1672	24	44	-60	-26	-14	22	30	28	
1673	26	46	-62	-24	-12	24	32	30	
1674	28	50	-66	-24	-12	26	34	32	
1675	32	52	-68	-24	-10	28	36	34	
1676	36	56	-72	-24	-8	30	38	36	
1677	38	58	-74	-24	-6	32	42	38	
1678	42	62	-78	-22	-6	34	44	42	
1679	44	66	-82	-22	-4	36	46	44	
1680	48	70	-84	-22	-2	38	50	48	
1681	52	74	-88	-20	0	40	52	50	
1682	56	78	-90	-20	2	42	56	54	
1683	58	82	-94	-20	2	44	58	58	
1684	62	86	-98	-20	4	46	60	60	
1685	66	90	-102	-20	6	48	64	64	
1686	70	94	-106	-20	6	50	66	68	
1687	74	98	-110	-20	6	52	68	70	
1688	80	102	-112	-20	8	52	70	72	
1689	84	104	-116	-22	8	54	72	76	
1690	88	108	-120	-24	8	56	74	78	
1691	94	112	-124	-24	8	56	76	80	
1692	98	114	-128	-26	6	58	78	82	
1693	102	118	-132	-28	6	58	80	84	
1694	106	120	-136	-28	6	60	82	86	
1695	110	122	-140	-30	6	62	84	88	
1696	114	126	-144	-30	6	62	86	90	
1697	116	128	-146	-32	4	62	86	92	
1698	120	130	-150	-32	4	64	88	94	
1699	122	130	-152	-34	4	64	90	94	
1700	124	132	-154	-34	4	64	90	96	
1701	124	134	-156	-34	4	64	92	98	
1702	124	134	-158	-34	4	64	92	100	
1703	124	134	-160	-34	2	64	92	100	
1704	124	136	-160	-34	2	64	92	100	
1705	124	136	-162	-34	2	62	92	100	
1706	124	134	-162	-36	2	62	90	100	
1707	122	134	-162	-36	0	60	90	100	
1708	122	134	-160	-36	0	60	88	98	
1709	120	132	-158	-38	-2	58	86	98	
1710	118	130	-158	-38	-2	56	84	96	
1711	116	128	-154	-38	-4	54	82	92	
1712	114	126	-152	-40	-6	52	80	90	
1713	112	122	-148	-40	-6	50	78	86	
1714	108	120	-144	-40	-8	50	76	84	
1715	104	116	-140	-40	-8	48	72	80	
1716	100	112	-136	-40	-10	46	70	76	
1717	94	110	-130	-38	-10	44	68	72	
1718	88	106	-126	-36	-10	42	64	70	
1719	82	102	-120	-36	-10	42	62	66	
1720	76	98	-114	-34	-10	40	58	62	
1721	70	94	-110	-32	-10	38	56	58	
1722	64	90	-104	-30	-8	36	54	56	
1723	58	84	-98	-28	-8	36	50	52	
1724	54	80	-92	-26	-8	34	48	50	
1725	48	76	-86	-24	-6	32	44	46	
1726	44	72	-82	-22	-6	32	42	42	
1727	40	68	-76	-20	-4	30	38	40	
1728	36	64	-70	-18	-4	28	36	36	
1729	32	60	-66	-16	-4	26	32	32	
1730	30	56	-60	-14	-2	24	30	30	
1731	26	52	-54	-12	-2	24	28	26	
1732	24	48	-50	-12	-2	22	26	24	
1733	20	44	-44	-10	0	20	24	20	
1734	18	40	-40	-8	0	20	22	18	
1735	14	38	-36	-8	0	18	20	16	
1736	10	34	-32	-6	2	18	18	14	
1737	8	32	-26	-6	2	16	18	12	
1738	4	28	-24	-4	2	16	16	10	
1739	0	26	-20	-4	2	16	14	10	
1740	-2	24	-16	-4	2	14	14	8	
1741	-6	22	-14	-4	2	14	12	8	
1742	-8	20	-12	-4	2	12	12	6	
1743	-12	18	-10	-4	2	12	10	6	
1744	-14	16	-8	-4	2	12	10	4	
1745	-14	14	-6	-4	0	10	8	4	
1746	-16	14	-6	-4	0	10	6	2	
1747	-16	12	-4	-6	0	8	6	0	
1748	-16	12	-4	-6	-2	8	4	0	
1749	-16	10	-4	-6	-2	6	2	-2	
1750	-16	10	-4	-8	-2	6	2	-2	
1751	-16	8	-4	-8	-4	4	0	-4	
1752	-16	8	-4	-8	-4	4	0	-4	
1753	-14	8	-4	-8	-4	4	-2	-6	
1754	-14	8	-4	-10	-6	4	-2	-6	
1755	-14	8	-4	-10	-6	2	-2	-6	
1756	-14	6	-4	-10	-6	2	-4	-6	
1757	-12	6	-4	-10	-6	2	-4	-6	
1758	-14	8	-4	-10	-6	2	-4	-8	
1759	-14	8	-4	-10	-8	2	-4	-6	
1760	-14	8	-4	-10	-8	2	-4	-6	
1761	-14	8	-4	-10	-8	2	-4	-6	
1762	-14	8	-4	-10	-8	2	-4	-6	
1763	-16	8	-4	-12	-8	2	-2	-6	
1764	-16	8	-4	-12	-10	2	-2	-6	
1765	-16	8	-4	-12	-10	2	-2	-4	
1766	-18	8	-4	-14	-10	2	-2	-4	
1767	-18	8	-4	-14	-10	2	-2	-4	
1768	-18	8	-4	-14	-12	2	-2	-4	
1769	-20	10	-4	-16	-12	2	0	-4	
1770	-20	10	-4	-16	-12	2	0	-4	
1771	-20	10	-4	-16	-12	4	0	-4	
1772	-22	10	-4	-16	-12	4	0	-4	
1773	-22	10	-4	-16	-14	4	0	-4	
1774	-22	12	-6	-18	-14	4	0	-4	
1775	-24	12	-6	-18	-14	4	0	-6	
1776	-24	12	-6	-18	-14	4	0	-6	
1777	-24	12	-6	-18	-14	4	0	-6	
1778	-24	12	-6	-18	-14	4	0	-6	
1779	-24	12	-6	-18	-14	4	0	-6	
1780	-24	12	-6	-18	-14	4	0	-6	
1781	-24	12	-6	-18	-12	4	0	-6	
1782	-24	12	-6	-18	-12	4	0	-4	
1783	-24	10	-6	-18	-12	4	0	-4	
1784	-22	10	-6	-18	-12	4	0	-4	
1785	-22	8	-6	-18	-12	4	0	-4	
1786	-22	8	-6	-18	-12	4	0	-4	
1787	-22	8	-6	-16	-12	4	0	-4	
1788	-22	6	-6	-16	-12	4	0	-4	
1789	-22	6	-6	-16	-12	2	0	-4	
1790	-22	6	-6	-16	-12	2	0	-4	
1791	-24	6	-4	-16	-12	2	0	-6	
1792	-24	6	-4	-18	-12	0	0	-6	
1793	-24	6	-4	-18	-14	0	0	-6	
1794	-24	6	-4	-18	-14	-2	-2	-8	
1795	-24	6	-4	-20	-14	-4	-2	-8	
1796	-22	6	-4	-20	-16	-6	-2	-8	
1797	-22	6	-4	-20	-16	-6	-2	-10	
1798	-22	6	-4	-22	-18	-8	-4	-10	
1799	-22	6	-4	-22	-18	-10	-4	-10	
1800	-20	6	-4	-22	-18	-12	-4	-10	
1801	-20	6	-4	-24	-18	-14	-4	-10	
1802	-20	4	-4	-24	-18	-14	-4	-8	
1803	-20	2	-4	-22	-18	-14	-4	-8	
1804	-20	0	-2	-22	-18	-16	-4	-6	
1805	-22	0	-2	-22	-16	-16	-4	-6	
1806	-22	-2	-2	-20	-16	-16	-4	-4	
1807	-24	-4	0	-20	-14	-16	-4	-4	
1808	-24	-6	0	-20	-14	-14	-4	-2	
1809	-26	-8	2	-18	-14	-14	-4	-2	
1810	-26	-10	2	-18	-12	-14	-4	-2	
1811	-28	-10	2	-18	-12	-14	-4	0	
1812	-28	-10	4	-18	-12	-12	-4	0	
1813	-28	-8	4	-18	-10	-12	-4	0	
1814	-26	-8	4	-18	-10	-12	-2	0	
1815	-26	-6	4	-18	-10	-10	-2	0	
1816	-24	-2	4	-18	-10	-10	-2	2	
1817	-22	0	4	-18	-8	-10	0	2	
1818	-20	4	4	-18	-8	-8	0	4	
1819	-20	8	4	-18	-8	-6	2	4	
1820	-18	12	4	-18	-6	-6	4	6	
1821	-16	16	4	-16	-6	-4	4	8	
1822	-16	20	4	-16	-4	-2	6	8	
1823	-16	24	4	-14	-2	-2	8	10	
1824	-16	28	4	-14	-2	0	10	10	
1825	-16	30	4	-12	0	2	10	12	
1826	-16	32	4	-12	0	2	12	14	
1827	-16	34	4	-12	2	4	14	14	
1828	-16	36	4	-12	2	6	14	14	
1829	-16	36	2	-12	2	6	16	16	
1830	-16	38	2	-12	2	8	16	16	
1831	-16	38	0	-12	2	8	16	16	
1832	-14	40	-2	-14	2	10	16	16	
1833	-14	40	-4	-14	2	10	16	18	
1834	-12	42	-6	-16	2	10	18	18	
1835	-10	42	-10	-16	2	10	18	18	
1836	-8	44	-12	-18	2	10	18	18	
1837	-6	44	-14	-18	0	12	18	18	
1838	-2	46	-18	-20	0	12	18	18	
1839	0	46	-20	-20	0	12	20	20	
1840	2	48	-22	-22	0	12	20	20	
1841	6	50	-24	-22	0	12	22	22	
1842	8	50	-26	-22	0	14	22	22	
1843	12	52	-28	-22	0	14	24	22	
1844	14	52	-30	-22	2	14	24	24	
1845	16	54	-30	-20	2	14	24	24	
1846	18	54	-32	-20	0	14	26	26	
1847	20	54	-32	-20	0	14	26	26	
1848	20	52	-32	-20	0	14	26	26	
1849	20	50	-32	-20	0	12	24	26	
1850	20	50	-32	-20	-2	12	24	26	
1851	20	48	-30	-20	-2	10	22	24	
1852	18	44	-30	-20	-4	8	20	24	
1853	16	42	-28	-20	-6	6	18	22	
1854	14	38	-26	-22	-6	4	16	20	
1855	12	36	-24	-22	-8	2	14	16	
1856	8	32	-22	-22	-10	0	12	14	
1857	6	28	-20	-22	-10	-2	10	12	
1858	2	24	-18	-22	-12	-6	8	8	
1859	-2	20	-16	-24	-14	-8	6	6	
1860	-4	16	-14	-24	-14	-10	4	2	
1861	-8	12	-12	-24	-16	-10	2	0	
1862	-12	8	-12	-24	-16	-12	0	-2	
1863	-14	4	-10	-24	-18	-14	-2	-4	
1864	-18	-2	-8	-24	-18	-16	-4	-6	
1865	-20	-6	-6	-24	-20	-18	-6	-8	
1866	-24	-10	-4	-24	-20	-18	-8	-8	
1867	-26	-16	-2	-24	-22	-20	-8	-10	
1868	-30	-20	0	-24	-24	-22	-10	-10	
1869	-32	-22	2	-24	-24	-24	-12	-10	
1870	-34	-26	2	-24	-26	-26	-12	-12	
1871	-36	-28	4	-24	-26	-26	-14	-12	
1872	-38	-30	6	-22	-26	-28	-14	-14	
1873	-40	-32	6	-22	-28	-30	-16	-14	
1874	-42	-34	8	-22	-28	-30	-16	-16	
1875	-42	-34	8	-22	-28	-32	-18	-16	
1876	-44	-34	10	-20	-28	-32	-20	-18	
1877	-44	-36	10	-20	-28	-32	-20	-20	
1878	-46	-36	10	-20	-28	-34	-22	-20	
1879	-46	-36	10	-20	-28	-34	-22	-22	
1880	-46	-34	10	-20	-28	-34	-24	-22	
1881	-46	-34	10	-20	-30	-34	-24	-24	
1882	-46	-34	10	-20	-30	-34	-26	-24	
1883	-46	-32	10	-20	-30	-34	-26	-24	
1884	-46	-32	10	-22	-32	-34	-26	-26	
1885	-48	-30	10	-24	-34	-34	-26	-24	
1886	-50	-26	10	-26	-36	-32	-24	-24	
1887	-52	-24	10	-30	-36	-32	-24	-24	
1888	-54	-20	10	-32	-38	-28	-20	-22	
1889	-58	-16	12	-36	-40	-26	-18	-20	
1890	-62	-12	14	-38	-40	-22	-14	-18	
1891	-66	-8	16	-40	-38	-16	-8	-16	
1892	-70	-2	20	-42	-36	-10	-2	-12	
1893	-74	2	24	-40	-30	0	6	-8	
1894	-76	6	26	-36	-24	8	14	-2	
1895	-74	8	30	-30	-12	20	22	4	
1896	-70	10	32	-22	0	30	32	12	
1897	-62	10	36	-8	16	42	42	18	
1898	-50	8	36	8	34	52	50	26	
1899	-34	4	38	26	54	60	58	34	
1900	-12	-2	38	50	76	66	62	40	
1901	12	-12	36	74	98	70	62	44	
1902	40	-26	34	102	118	68	58	46	
1903	72	-44	30	130	138	60	48	44	
1904	102	-64	26	156	154	48	34	38	
1905	134	-88	24	182	166	30	14	28	
1906	162	-114	20	206	172	8	-10	14	
1907	188	-142	16	224	172	-20	-40	-4	
1908	208	-172	12	236	166	-52	-72	-26	
1909	222	-200	10	242	156	-84	-104	-50	
1910	230	-226	8	242	138	-118	-138	-76	
1911	232	-250	8	234	116	-150	-170	-102	
1912	226	-270	8	220	90	-180	-198	-128	
1913	214	-284	10	202	64	-204	-222	-150	
1914	194	-294	14	178	36	-224	-242	-170	
1915	170	-298	20	154	8	-238	-254	-186	
1916	142	-298	28	126	-16	-246	-260	-198	
1917	110	-294	40	102	-38	-248	-262	-204	
1918	78	-284	52	78	-54	-244	-256	-206	
1919	44	-272	66	58	-66	-234	-248	-206	
1920	10	-260	84	42	-72	-220	-236	-200	
1921	-20	-244	102	32	-74	-204	-220	-194	
1922	-50	-228	122	26	-72	-186	-204	-184	
1923	-78	-214	142	24	-64	-166	-188	-174	
1924	-102	-200	164	26	-54	-146	-170	-164	
1925	-122	-186	184	32	-44	-126	-154	-154	
1926	-140	-172	204	38	-30	-108	-140	-144	
1927	-154	-162	224	46	-18	-92	-126	-136	
1928	-166	-152	240	54	-6	-78	-114	-128	
1929	-176	-142	256	60	4	-66	-104	-120	
1930	-182	-134	270	66	12	-54	-94	-114	
1931	-188	-126	284	68	20	-46	-86	-110	
1932	-194	-120	294	70	24	-40	-80	-106	
1933	-196	-116	302	70	26	-36	-76	-102	
1934	-200	-110	308	66	26	-32	-72	-100	
1935	-202	-108	312	62	26	-32	-70	-98	
1936	-202	-104	314	56	22	-30	-68	-96	
1937	-204	-102	312	50	18	-32	-66	-94	
1938	-202	-100	308	42	12	-34	-66	-94	
1939	-202	-98	302	34	6	-36	-64	-94	
1940	-198	-96	292	24	0	-38	-64	-92	
1941	-194	-94	280	16	-8	-40	-62	-90	
1942	-190	-90	264	6	-14	-42	-62	-88	
1943	-182	-86	246	-2	-22	-44	-60	-86	
1944	-174	-80	224	-12	-28	-44	-56	-82	
1945	-166	-74	202	-20	-32	-46	-54	-76	
1946	-154	-66	178	-26	-36	-44	-50	-72	
1947	-142	-58	152	-32	-40	-44	-44	-66	
1948	-130	-50	128	-38	-42	-42	-40	-58	
1949	-118	-42	104	-42	-44	-38	-36	-52	
1950	-104	-34	82	-44	-44	-36	-30	-46	
1951	-92	-28	62	-46	-44	-34	-26	-40	
1952	-80	-22	44	-46	-44	-30	-22	-34	
1953	-70	-16	30	-46	-42	-28	-18	-28	
1954	-60	-12	18	-46	-40	-26	-14	-22	
1955	-52	-8	8	-44	-40	-24	-12	-18	
1956	-44	-6	0	-42	-38	-22	-10	-16	
1957	-38	-4	-6	-40	-36	-20	-8	-14	
1958	-34	-4	-10	-38	-36	-18	-6	-12	
1959	-30	-2	-12	-36	-34	-18	-6	-10	
1960	-26	-2	-14	-34	-32	-16	-4	-8	
1961	-24	-2	-16	-32	-32	-16	-4	-8	
1962	-22	-2	-16	-32	-30	-16	-4	-6	
1963	-20	-2	-18	-30	-30	-14	-2	-6	
1964	-18	-2	-18	-30	-30	-14	-2	-4	
1965	-16	-2	-20	-30	-28	-14	-2	-4	
1966	-16	-2	-22	-30	-28	-12	0	-4	
1967	-14	-2	-22	-30	-28	-12	0	-2	
1968	-12	-2	-24	-30	-28	-12	0	-2	
1969	-12	-2	-26	-30	-26	-12	0	0	
1970	-10	0	-28	-30	-26	-12	2	0	
1971	-8	0	-28	-30	-26	-12	2	2	
1972	-8	0	-30	-30	-26	-12	2	2	
1973	-6	2	-32	-30	-26	-12	2	2	
1974	-6	2	-32	-30	-26	-12	2	2	
1975	-4	4	-34	-28	-26	-12	2	4	
1976	-4	4	-34	-28	-26	-12	2	4	
1977	-4	6	-34	-28	-26	-10	4	4	
1978	-2	6	-36	-26	-24	-10	4	4	
1979	-2	8	-36	-26	-24	-10	6	6	
1980	-2	10	-38	-26	-22	-8	6	6	
1981	-2	10	-38	-24	-22	-6	8	8	
1982	0	12	-38	-24	-20	-6	8	8	
1983	0	14	-40	-24	-18	-4	10	10	
1984	2	16	-42	-22	-16	-2	12	12	
1985	2	18	-42	-22	-16	0	14	14	
1986	4	20	-44	-22	-14	2	14	14	
1987	6	22	-46	-22	-12	2	16	16	
1988	8	24	-48	-20	-12	4	18	18	
1989	10	26	-50	-20	-12	6	20	20	
1990	14	28	-52	-20	-10	6	20	20	
1991	16	30	-54	-20	-10	8	22	22	
1992	20	34	-56	-18	-8	8	24	24	
1993	22	36	-60	-18	-8	10	26	26	
1994	26	38	-62	-18	-8	10	28	28	
1995	30	40	-64	-18	-6	12	30	30	
1996	34	44	-68	-18	-6	12	32	32	
1997	38	46	-70	-18	-4	14	34	36	
1998	42	48	-74	-18	-4	16	36	38	
1999	46	52	-76	-18	-2	18	40	42	
2000	50	54	-80	-18	-2	20	42	44	
2001	54	58	-84	-18	0	22	44	48	
2002	58	62	-86	-18	2	24	48	52	
2003	62	64	-90	-18	2	26	50	56	
2004	66	68	-94	-20	4	28	54	58	
2005	70	72	-98	-20	4	32	56	62	
2006	76	76	-102	-20	6	34	60	66	
2007	80	80	-106	-22	6	36	62	68	
2008	84	84	-110	-22	8	38	66	70	
2009	88	88	-114	-22	8	40	68	74	
2010	92	92	-118	-22	8	40	70	76	
2011	96	96	-122	-24	8	42	72	78	
2012	100	100	-126	-24	8	44	74	80	
2013	104	104	-130	-24	8	46	76	82	
2014	108	108	-134	-24	8	46	78	84	
2015	112	112	-138	-26	8	48	80	86	
2016	114	116	-140	-26	8	50	82	88	
2017	116	120	-144	-26	8	50	82	90	
2018	118	124	-146	-26	8	52	84	90	
2019	120	126	-148	-26	8	52	86	92	
2020	122	128	-150	-28	8	54	86	94	
2021	122	130	-152	-28	8	54	86	94	
2022	124	132	-152	-28	8	54	88	96	
2023	124	132	-154	-28	6	54	88	98	
2024	122	134	-154	-28	6	54	88	98	
2025	122	134	-154	-28	6	54	86	98	
2026	122	132	-152	-30	6	52	86	98	
2027	122	130	-152	-30	4	52	84	98	
2028	120	128	-150	-30	4	50	82	98	
2029	120	126	-150	-30	4	48	80	96	
2030	118	124	-148	-30	2	46	78	96	
2031	116	120	-146	-30	2	44	76	94	
2032	114	116	-142	-32	0	42	74	90	
2033	112	112	-140	-32	-2	40	70	88	
2034	108	108	-136	-32	-2	38	68	84	
2035	104	104	-134	-32	-4	36	66	82	
2036	100	102	-130	-30	-4	34	62	78	
2037	96	98	-124	-30	-6	32	60	74	
2038	92	94	-120	-28	-6	30	56	70	
2039	86	90	-116	-28	-6	30	54	66	
2040	80	88	-110	-26	-6	28	52	64	
2041	74	84	-104	-24	-4	28	50	60	
2042	66	80	-98	-22	-4	28	46	58	
2043	60	76	-92	-18	-2	26	44	54	
2044	54	72	-86	-16	-2	26	42	52	
2045	48	68	-78	-14	0	26	40	50	
2046	42	64	-72	-10	2	26	38	46	
2047	38	60	-66	-8	4	24	36	44	
2048	32	56	-60	-6	4	24	34	42	
2049	28	52	-52	-4	6	22	32	38	
2050	24	48	-48	-2	6	20	30	36	
2051	22	44	-42	0	6	20	28	32	
2052	18	40	-36	0	6	18	24	28	
2053	16	36	-32	0	8	16	22	24	
2054	14	32	-28	2	8	14	20	22	
2055	10	30	-24	2	8	12	18	18	
2056	8	26	-20	2	6	12	16	14	
2057	6	24	-16	2	6	10	14	12	
2058	4	22	-14	2	6	8	12	10	
2059	0	20	-10	2	6	8	10	8	
2060	-2	18	-8	4	6	6	8	6	
2061	-4	16	-6	4	6	6	8	4	
2062	-6	14	-4	4	6	6	6	2	
2063	-8	14	-2	4	6	4	4	2	
2064	-8	12	0	4	6	4	4	0	
2065	-10	10	2	4	6	4	2	0	
2066	-10	8	2	4	4	4	0	-2	
2067	-10	8	4	4	4	4	0	-2	
2068	-10	6	4	4	2	2	0	-2	
2069	-10	6	4	2	2	2	-2	-4	
2070	-10	6	4	2	2	2	-2	-4	
2071	-10	4	4	2	0	2	-2	-4	
2072	-10	4	4	2	0	2	-2	-6	
2073	-10	2	4	2	-2	0	-2	-6	
2074	-10	2	4	0	-2	0	-2	-6	
2075	-10	2	4	0	-2	0	-2	-6	
2076	-10	2	4	0	-2	-2	-2	-8	
2077	-10	0	4	0	-4	-2	-2	-8	
2078	-10	0	4	0	-4	-2	-2	-8	
2079	-12	0	4	0	-4	-4	-2	-8	
2080	-12	0	4	0	-4	-4	-2	-8	
2081	-14	0	6	0	-4	-4	-2	-8	
2082	-14	0	6	0	-4	-4	-2	-6	
2083	-16	0	6	0	-4	-4	-2	-6	
2084	-16	0	6	2	-4	-4	-2	-6	
2085	-18	0	6	2	-4	-4	-2	-4	
2086	-18	0	6	2	-4	-4	0	-4	
2087	-18	0	6	2	-4	-2	0	-4	
2088	-20	0	6	2	-4	-2	0	-4	
2089	-20	0	6	0	-4	-2	0	-2	
2090	-20	2	6	0	-4	-2	0	-2	
2091	-20	2	6	0	-4	-2	-2	-2	
2092	-20	2	4	-2	-4	-2	-2	-4	
2093	-20	2	4	-2	-4	-2	-2	-4	
2094	-20	2	2	-4	-4	-2	-4	-4	
2095	-18	2	2	-4	-6	-2	-4	-6	
2096	-18	2	2	-6	-6	-4	-4	-6	
2097	-18	2	2	-6	-6	-4	-6	-6	
2098	-18	4	2	-8	-6	-4	-6	-8	
2099	-16	4	0	-8	-8	-6	-6	-8	
2100	-16	4	0	-8	-8	-6	-6	-8	
2101	-16	4	2	-10	-8	-6	-6	-8	
2102	-16	4	2	-10	-8	-6	-6	-8	
2103	-16	4	2	-10	-8	-6	-6	-8	
2104	-16	4	2	-10	-8	-6	-8	-8	
2105	-16	4	2	-10	-10	-8	-8	-8	
2106	-16	4	4	-12	-10	-8	-8	-8	
2107	-14	2	4	-12	-10	-8	-8	-8	
2108	-14	2	4	-12	-12	-8	-8	-8	
2109	-14	0	4	-14	-12	-8	-8	-8	
2110	-14	0	6	-14	-12	-8	-8	-8	
2111	-16	0	6	-14	-14	-8	-8	-10	
2112	-16	-2	6	-16	-14	-8	-8	-10	
2113	-16	-2	6	-16	-14	-8	-8	-10	
2114	-18	-2	6	-16	-16	-6	-8	-10	
2115	-18	-2	6	-16	-16	-6	-6	-10	
2116	-20	0	6	-16	-16	-6	-6	-10	
2117	-20	0	6	-14	-16	-4	-6	-8	
2118	-22	0	6	-14	-16	-4	-4	-8	
2119	-24	0	6	-12	-16	-4	-4	-8	
2120	-24	2	6	-12	-14	-2	-2	-6	
2121	-26	2	6	-10	-14	-2	-2	-6	
2122	-26	2	6	-10	-14	-2	-2	-4	
2123	-28	2	6	-8	-12	-2	-2	-4	
2124	-28	0	6	-8	-12	-2	-2	-4	
2125	-28	0	6	-8	-12	-2	-2	-2	
2126	-28	0	8	-6	-12	-4	-2	-4	
2127	-28	0	8	-6	-12	-4	-2	-4	
2128	-26	0	8	-6	-10	-4	-2	-4	
2129	-26	0	8	-6	-10	-4	-2	-4	
2130	-24	0	8	-6	-10	-4	-2	-4	
2131	-24	0	8	-6	-10	-2	-2	-6	
2132	-22	2	8	-8	-10	-2	-2	-6	
2133	-20	2	8	-8	-10	0	-2	-6	
2134	-20	4	10	-8	-8	0	-2	-6	
2135	-18	8	10	-8	-8	2	0	-4	
2136	-16	10	10	-6	-8	4	0	-4	
2137	-16	12	10	-6	-6	6	2	-4	
2138	-14	16	10	-6	-6	6	4	-2	
2139	-14	18	10	-6	-6	8	4	0	
2140	-14	20	8	-6	-4	8	6	0	
2141	-12	24	8	-6	-4	10	6	2	
2142	-12	26	8	-6	-4	10	8	2	
2143	-12	28	6	-6	-2	10	8	2	
2144	-10	30	6	-8	-2	10	10	4	
2145	-10	32	4	-8	-2	12	10	4	
2146	-10	34	4	-10	-2	12	12	4	
2147	-8	34	2	-10	-2	12	12	4	
2148	-6	36	0	-12	-2	12	12	4	
2149	-6	38	-2	-12	0	12	12	4	
2150	-4	40	-4	-14	0	14	14	4	
2151	-4	40	-6	-14	0	14	14	6	
2152	-2	42	-8	-16	0	16	16	6	
2153	-2	44	-10	-16	0	16	16	6	
2154	-2	46	-12	-16	2	18	18	8	
2155	0	48	-14	-16	2	20	18	10	
2156	2	50	-14	-16	2	20	20	12	
2157	2	52	-16	-16	2	22	22	14	
2158	4	54	-18	-14	4	24	24	16	
2159	6	56	-18	-14	4	24	26	18	
2160	6	56	-18	-14	4	26	28	20	
2161	8	58	-18	-12	4	26	28	22	
2162	10	58	-20	-12	4	26	30	24	
2163	12	58	-18	-10	6	26	30	26	
2164	14	56	-18	-10	6	26	30	28	
2165	14	54	-18	-10	4	26	30	28	
2166	16	52	-18	-10	4	24	28	28	
2167	16	48	-16	-10	4	22	28	28	
2168	16	44	-16	-10	4	20	26	26	
2169	16	42	-14	-10	2	18	24	24	
2170	14	38	-14	-12	0	16	20	22	
2171	12	34	-14	-12	-2	14	18	20	
2172	12	30	-12	-14	-4	12	14	16	
2173	10	26	-12	-14	-6	8	12	12	
2174	8	22	-10	-16	-8	6	8	10	
2175	6	18	-10	-16	-10	4	6	6	
2176	2	14	-8	-16	-12	0	2	2	
2177	0	10	-8	-18	-14	-2	-2	-2	
2178	-2	6	-6	-18	-16	-6	-4	-4	
2179	-6	2	-4	-18	-16	-8	-8	-8	
2180	-8	-2	-2	-18	-18	-10	-10	-10	
2181	-12	-6	-2	-18	-20	-12	-12	-14	
2182	-16	-10	0	-18	-20	-14	-14	-16	
2183	-20	-14	2	-18	-22	-16	-16	-16	
2184	-22	-18	4	-18	-22	-18	-18	-18	
2185	-26	-22	6	-16	-22	-18	-18	-20	
2186	-30	-24	8	-16	-22	-18	-18	-20	
2187	-32	-26	10	-14	-22	-20	-18	-20	
2188	-36	-28	12	-14	-22	-20	-18	-22	
2189	-38	-30	14	-12	-22	-20	-18	-22	
2190	-40	-30	16	-12	-22	-20	-18	-20	
2191	-40	-32	16	-12	-22	-20	-18	-20	
2192	-42	-32	16	-10	-20	-20	-18	-20	
2193	-42	-32	18	-10	-20	-20	-18	-20	
2194	-42	-32	18	-10	-20	-20	-18	-20	
2195	-42	-32	18	-10	-20	-22	-18	-20	
2196	-40	-30	18	-10	-20	-22	-18	-20	
2197	-40	-30	18	-10	-20	-22	-20	-20	
2198	-40	-30	18	-12	-22	-24	-20	-20	
2199	-40	-30	16	-12	-22	-24	-20	-20	
2200	-40	-28	16	-14	-22	-24	-20	-20	
2201	-42	-28	16	-16	-24	-24	-20	-20	
2202	-44	-26	16	-18	-26	-22	-20	-20	
2203	-48	-24	18	-22	-26	-20	-20	-20	
2204	-50	-20	18	-24	-28	-18	-18	-20	
2205	-56	-16	20	-26	-28	-16	-16	-20	
2206	-60	-12	22	-28	-28	-12	-12	-18	
2207	-64	-8	24	-30	-26	-6	-8	-16	
2208	-68	-4	28	-28	-22	2	-2	-12	
2209	-70	0	30	-26	-16	10	6	-10	
2210	-70	4	34	-22	-8	20	14	-4	
2211	-68	8	36	-16	2	30	24	0	
2212	-64	10	38	-6	16	42	32	8	
2213	-54	10	40	6	32	52	42	14	
2214	-40	10	40	22	50	64	52	22	
2215	-22	4	42	42	70	72	58	28	
2216	-2	-2	40	64	92	80	62	34	
2217	24	-12	40	88	114	82	64	40	
2218	50	-28	38	114	134	82	60	42	
2219	78	-46	34	142	154	74	52	42	
2220	108	-68	32	168	170	64	40	38	
2221	136	-92	30	192	180	46	20	30	
2222	160	-120	28	214	188	24	-2	18	
2223	184	-148	26	230	188	-2	-30	4	
2224	200	-176	24	242	182	-32	-60	-14	
2225	212	-204	22	246	170	-64	-92	-34	
2226	218	-230	20	244	154	-96	-124	-58	
2227	218	-252	20	234	132	-126	-154	-80	
2228	212	-270	20	220	108	-156	-182	-102	
2229	200	-282	22	200	80	-180	-204	-122	
2230	180	-290	26	176	52	-198	-222	-140	
2231	158	-292	30	150	24	-212	-234	-156	
2232	132	-288	36	122	-2	-220	-240	-166	
2233	102	-280	46	96	-24	-222	-242	-174	
2234	70	-268	56	74	-40	-218	-238	-178	
2235	38	-254	70	54	-52	-208	-230	-180	
2236	8	-238	84	40	-60	-196	-220	-178	
2237	-22	-222	102	30	-62	-180	-206	-174	
2238	-50	-206	120	26	-60	-162	-190	-168	
2239	-76	-190	140	26	-52	-144	-176	-162	
2240	-100	-176	160	30	-42	-126	-160	-154	
2241	-120	-162	180	36	-32	-108	-146	-148	
2242	-136	-150	200	44	-18	-90	-132	-140	
2243	-150	-142	220	54	-6	-76	-118	-132	
2244	-160	-132	236	62	6	-62	-108	-126	
2245	-170	-126	252	70	18	-50	-96	-120	
2246	-176	-120	266	76	26	-40	-88	-114	
2247	-182	-116	278	78	32	-32	-80	-108	
2248	-184	-112	288	80	38	-24	-74	-102	
2249	-186	-108	296	80	40	-20	-68	-98	
2250	-188	-104	302	76	40	-18	-64	-94	
2251	-188	-102	306	72	38	-16	-62	-90	
2252	-188	-100	306	66	36	-16	-60	-88	
2253	-188	-98	304	58	30	-18	-60	-86	
2254	-186	-96	300	50	24	-20	-60	-86	
2255	-182	-92	294	42	18	-22	-60	-84	
2256	-178	-90	282	32	10	-26	-60	-84	
2257	-172	-86	270	22	2	-28	-62	-82	
2258	-166	-82	254	14	-4	-32	-62	-82	
2259	-160	-76	234	4	-12	-34	-60	-80	
2260	-150	-70	214	-6	-18	-36	-60	-76	
2261	-142	-64	192	-14	-24	-36	-56	-74	
2262	-132	-58	168	-20	-30	-36	-54	-68	
2263	-120	-50	144	-26	-32	-36	-50	-64	
2264	-110	-42	122	-32	-36	-34	-44	-58	
2265	-98	-36	98	-36	-36	-30	-40	-52	
2266	-88	-28	78	-38	-36	-28	-34	-44	
2267	-78	-22	60	-38	-36	-24	-28	-38	
2268	-68	-18	44	-38	-34	-20	-22	-30	
2269	-60	-12	30	-38	-32	-16	-18	-24	
2270	-52	-10	18	-36	-30	-12	-12	-18	
2271	-46	-6	10	-34	-28	-10	-8	-14	
2272	-40	-4	2	-32	-26	-6	-6	-8	
2273	-36	-2	-2	-28	-24	-4	-2	-6	
2274	-32	0	-6	-26	-22	-2	0	-2	
2275	-28	0	-10	-26	-20	0	0	-2	
2276	-24	2	-12	-24	-18	0	2	0	
2277	-22	2	-14	-22	-18	0	2	0	
2278	-20	4	-14	-22	-18	2	2	0	
2279	-18	4	-16	-20	-18	2	2	0	
2280	-16	6	-18	-20	-18	2	2	0	
2281	-14	6	-18	-20	-18	2	2	-2	
2282	-12	6	-20	-20	-16	2	2	-2	
2283	-10	8	-20	-20	-16	2	2	-2	
2284	-10	8	-20	-18	-16	2	4	-2	
2285	-8	10	-22	-18	-16	2	4	0	
2286	-8	10	-22	-18	-14	2	4	0	
2287	-6	10	-22	-18	-14	2	6	2	
2288	-6	10	-22	-16	-14	4	6	4	
2289	-6	12	-24	-16	-12	4	8	6	
2290	-4	12	-24	-16	-12	4	8	6	
2291	-4	12	-24	-16	-12	6	10	8	
2292	-4	12	-26	-14	-10	6	12	10	
2293	-2	14	-26	-14	-10	8	12	12	
2294	-2	14	-28	-14	-10	8	14	12	
2295	0	16	-30	-14	-10	10	16	14	
2296	0	18	-30	-14	-8	10	16	16	
2297	2	18	-32	-14	-8	12	18	16	
2298	4	20	-34	-14	-8	14	20	16	
2299	4	22	-36	-12	-8	16	20	18	
2300	6	24	-38	-12	-6	16	22	18	
2301	6	26	-40	-12	-6	18	24	20	
2302	8	28	-42	-12	-4	20	26	22	
2303	10	30	-44	-10	-4	22	28	24	
2304	12	32	-46	-10	-2	24	30	24	
2305	12	34	-48	-10	0	26	32	28	
2306	14	36	-50	-10	2	28	34	30	
2307	16	38	-54	-8	4	28	38	32	
2308	20	40	-56	-8	6	30	40	34	
2309	22	42	-58	-8	8	32	42	36	
2310	26	44	-60	-8	8	34	44	40	
2311	30	48	-64	-8	10	36	46	42	
2312	34	52	-66	-8	12	38	48	44	
2313	38	56	-70	-8	14	40	52	48	
2314	44	60	-74	-10	14	42	54	50	
2315	48	64	-76	-10	16	44	56	52	
2316	54	68	-80	-10	16	46	58	54	
2317	58	74	-84	-12	18	48	60	56	
2318	62	78	-88	-12	18	50	64	60	
2319	66	84	-92	-12	20	52	66	62	
2320	70	88	-96	-14	20	54	68	64	
2321	74	92	-100	-14	20	56	70	68	
2322	78	98	-104	-14	22	58	74	70	
2323	80	102	-108	-14	22	60	76	74	
2324	84	106	-110	-14	24	62	80	76	
2325	86	110	-114	-16	26	66	82	80	
2326	88	114	-118	-16	26	68	86	84	
2327	92	118	-122	-16	28	70	88	88	
2328	94	122	-124	-16	28	72	92	90	
2329	96	126	-128	-16	28	74	94	94	
2330	100	128	-132	-16	30	76	96	98	
2331	102	130	-134	-16	30	76	98	100	
2332	106	132	-138	-16	30	78	100	104	
2333	108	134	-140	-18	30	80	102	106	
2334	110	136	-142	-18	30	80	104	108	
2335	114	138	-146	-18	30	82	106	110	
2336	116	138	-148	-18	30	82	106	112	
2337	118	138	-148	-18	30	82	106	114	
2338	118	138	-150	-18	30	82	106	114	
2339	120	138	-152	-18	30	82	106	116	
2340	120	138	-152	-18	28	82	106	116	
2341	120	138	-152	-18	28	80	104	114	
2342	120	136	-152	-18	26	78	104	114	
2343	120	134	-152	-20	24	78	102	112	
2344	118	132	-150	-20	22	76	98	110	
2345	118	130	-148	-20	20	72	96	106	
2346	116	128	-148	-22	18	70	94	104	
2347	114	126	-144	-22	16	68	90	100	
2348	112	124	-142	-24	14	66	86	96	
2349	110	120	-140	-24	12	64	84	94	
2350	106	118	-136	-24	10	60	80	90	
2351	102	116	-132	-24	8	58	78	86	
2352	98	112	-126	-24	6	56	74	82	
2353	94	108	-122	-24	6	54	72	78	
2354	88	106	-116	-22	6	54	70	74	
2355	82	102	-110	-22	6	52	68	70	
2356	76	98	-104	-18	6	50	64	68	
2357	68	94	-98	-16	6	50	62	64	
2358	62	90	-92	-14	8	48	60	60	
2359	54	86	-84	-12	8	48	58	58	
2360	48	82	-78	-8	10	46	56	54	
2361	42	76	-72	-6	12	46	54	50	
2362	36	72	-66	-4	12	44	50	48	
2363	32	68	-60	-2	14	42	48	44	
2364	28	62	-54	0	14	40	44	40	
2365	24	58	-48	2	16	40	42	36	
2366	20	54	-44	2	16	38	38	34	
2367	18	50	-38	4	16	36	36	30	
2368	16	46	-34	4	16	34	32	26	
2369	14	42	-30	6	16	32	30	24	
2370	12	38	-26	6	16	30	28	20	
2371	10	36	-22	6	16	28	24	18	
2372	8	32	-20	6	16	26	22	16	
2373	8	30	-16	6	16	24	20	14	
2374	6	26	-14	8	16	24	18	12	
2375	4	24	-12	8	18	22	18	10	
2376	2	22	-8	8	18	22	16	8	
2377	2	20	-6	10	18	22	14	8	
2378	0	18	-4	10	18	20	14	8	
2379	0	18	-2	10	18	20	14	6	
2380	-2	16	0	10	18	20	12	6	
2381	-2	16	0	12	18	18	12	6	
2382	-2	14	2	12	18	18	10	6	
2383	-4	14	2	12	18	16	10	4	
2384	-4	12	4	12	18	16	10	4	
2385	-4	12	4	10	16	14	8	4	
2386	-4	12	4	10	16	14	8	2	
2387	-4	12	6	10	14	12	6	2	
2388	-4	10	6	8	14	12	6	2	
2389	-6	10	6	8	12	12	4	0	
2390	-6	10	6	6	12	10	4	0	
2391	-8	10	6	6	10	10	4	0	
2392	-10	10	6	6	10	10	4	0	
2393	-10	10	8	6	10	10	4	0	
2394	-12	10	8	4	8	10	4	0	
2395	-12	10	8	4	8	12	6	0	
2396	-14	10	8	4	8	12	6	0	
2397	-16	10	8	4	8	12	6	0	
2398	-16	10	8	4	10	12	6	0	
2399	-16	10	8	4	10	12	6	0	
2400	-16	10	8	4	10	12	6	-2	
2401	-16	10	8	4	10	12	6	-2	
2402	-16	10	8	4	10	12	6	-2	
2403	-16	10	8	4	10	12	4	-2	
2404	-16	10	8	4	8	12	4	-4	
2405	-14	10	8	4	8	12	4	-4	
2406	-14	8	6	2	8	10	2	-6	
2407	-12	8	6	2	8	10	2	-6	
2408	-12	8	6	2	6	10	2	-6	
2409	-10	8	6	2	6	10	0	-6	
2410	-10	6	6	0	4	10	0	-8	
2411	-8	6	4	0	4	10	0	-8	
2412	-8	6	4	0	4	10	0	-6	
2413	-8	6	4	-2	2	10	0	-6	
2414	-8	4	4	-2	2	10	0	-6	
2415	-8	4	4	-2	2	10	0	-6	
2416	-10	4	4	-2	2	10	0	-4	
2417	-12	4	4	-2	0	10	2	-4	
2418	-12	4	4	-2	0	10	2	-4	
2419	-14	4	6	-2	0	10	2	-2	
2420	-16	4	6	-2	0	10	2	-2	
2421	-18	4	6	-4	0	10	2	-2	
2422	-18	4	6	-4	0	10	2	-2	
2423	-20	4	6	-4	0	10	2	-2	
2424	-20	4	6	-4	0	10	2	-2	
2425	-20	4	6	-6	0	8	2	-2	
2426	-20	4	6	-6	0	8	2	-2	
2427	-18	4	4	-6	0	8	2	-2	
2428	-18	4	4	-8	-2	8	2	-4	
2429	-16	4	4	-8	-2	8	2	-4	
2430	-16	4	4	-8	-2	8	2	-4	
2431	-16	4	4	-8	-2	6	2	-4	
2432	-14	4	4	-10	-2	6	2	-4	
2433	-14	4	6	-10	-4	6	2	-4	
2434	-14	4	6	-10	-4	6	2	-4	
2435	-16	4	6	-10	-4	6	2	-4	
2436	-16	4	6	-10	-4	6	2	-4	
2437	-16	2	6	-10	-4	6	2	-4	
2438	-18	2	8	-10	-4	6	2	-6	
2439	-18	2	8	-8	-4	6	0	-6	
2440	-20	2	8	-8	-6	6	0	-6	
2441	-20	0	8	-8	-6	4	0	-6	
2442	-22	0	8	-8	-6	4	0	-6	
2443	-22	0	8	-8	-6	4	0	-8	
2444	-22	0	8	-8	-6	4	-2	-8	
2445	-22	-2	8	-8	-6	4	-2	-8	
2446	-20	-2	8	-8	-6	4	-2	-8	
2447	-20	0	8	-8	-6	4	0	-8	
2448	-18	0	8	-8	-6	4	0	-8	
2449	-18	2	8	-8	-4	6	0	-6	
2450	-16	2	8	-8	-4	6	0	-6	
2451	-16	6	10	-8	-4	8	2	-6	
2452	-14	8	10	-8	-2	10	2	-4	
2453	-14	10	10	-8	-2	10	4	-4	
2454	-14	14	10	-6	0	12	6	-2	
2455	-12	16	10	-6	0	14	6	0	
2456	-12	20	10	-6	2	16	6	0	
2457	-12	22	10	-6	2	16	8	0	
2458	-12	24	10	-6	2	18	8	2	
2459	-12	28	10	-6	4	18	8	2	
2460	-12	28	10	-8	4	20	10	2	
2461	-10	30	8	-8	4	20	10	2	
2462	-10	32	8	-8	4	20	10	4	
2463	-8	32	6	-10	4	22	12	4	
2464	-8	34	6	-10	4	22	12	4	
2465	-6	34	4	-10	4	22	14	6	
2466	-6	36	2	-12	4	22	14	6	
2467	-4	38	0	-12	4	22	16	6	
2468	-2	38	-4	-14	4	24	16	8	
2469	-2	40	-6	-14	4	24	18	8	
2470	0	42	-8	-16	4	24	18	10	
2471	0	44	-10	-16	4	26	20	10	
2472	2	44	-12	-16	4	26	20	12	
2473	2	46	-16	-18	4	26	22	14	
2474	4	48	-18	-18	4	28	24	14	
2475	6	50	-20	-18	6	28	24	16	
2476	6	52	-22	-18	6	30	26	16	
2477	8	54	-24	-20	6	30	26	18	
2478	10	54	-24	-20	6	32	28	20	
2479	12	56	-26	-20	6	32	28	22	
2480	14	56	-26	-20	6	32	28	22	
2481	16	56	-26	-18	6	32	30	24	
2482	18	54	-26	-18	6	32	30	24	
2483	20	52	-26	-18	6	30	30	26	
2484	20	50	-26	-18	6	30	30	26	
2485	20	48	-26	-16	4	28	28	26	
2486	20	46	-24	-16	4	26	28	24	
2487	18	42	-22	-16	2	24	26	24	
2488	18	38	-22	-16	2	22	24	22	
2489	16	34	-20	-14	0	20	22	20	
2490	12	30	-18	-14	-2	18	20	20	
2491	10	26	-16	-14	-2	16	18	18	
2492	6	22	-12	-14	-4	14	16	16	
2493	4	20	-10	-14	-4	12	14	12	
2494	0	16	-8	-14	-6	10	12	10	
2495	-2	12	-6	-14	-8	8	10	8	
2496	-6	8	-4	-14	-8	6	6	6	
2497	-8	4	-2	-14	-10	4	4	4	
2498	-10	-2	0	-14	-10	2	2	2	
2499	-14	-6	2	-14	-12	0	0	0	
2500	-16	-10	2	-16	-14	-2	-2	-2	
2501	-18	-14	4	-16	-14	-2	-4	-4	
2502	-20	-16	6	-16	-16	-4	-6	-6	
2503	-22	-20	8	-16	-18	-6	-8	-8	
2504	-24	-24	8	-18	-18	-8	-10	-10	
2505	-26	-26	10	-18	-18	-8	-12	-12	
2506	-28	-28	10	-18	-20	-10	-12	-12	
2507	-30	-30	12	-18	-20	-10	-14	-14	
2508	-30	-30	12	-18	-20	-12	-14	-16	
2509	-32	-32	14	-18	-20	-12	-14	-16	
2510	-32	-32	14	-18	-20	-14	-16	-18	
2511	-32	-32	14	-18	-20	-14	-16	-18	
2512	-32	-32	14	-18	-20	-14	-16	-18	
2513	-32	-32	14	-18	-20	-14	-16	-20	
2514	-32	-34	14	-18	-20	-16	-18	-20	
2515	-32	-34	14	-18	-22	-16	-18	-22	
2516	-32	-32	14	-18	-22	-16	-18	-22	
2517	-32	-32	14	-18	-24	-18	-18	-22	
2518	-34	-32	14	-20	-24	-18	-18	-24	
2519	-36	-30	14	-22	-26	-18	-18	-24	
2520	-38	-28	14	-24	-28	-18	-18	-26	
2521	-42	-26	14	-26	-30	-16	-18	-26	
2522	-46	-24	14	-28	-30	-14	-16	-26	
2523	-50	-20	16	-32	-32	-12	-14	-26	
2524	-56	-16	18	-34	-32	-8	-12	-24	
2525	-62	-12	22	-36	-32	-4	-8	-22	
2526	-66	-8	24	-36	-30	2	-2	-20	
2527	-70	-2	28	-34	-26	10	4	-16	
2528	-72	2	32	-32	-20	20	14	-12	
2529	-72	6	34	-26	-10	30	22	-4	
2530	-68	8	38	-18	2	42	34	2	
2531	-62	10	40	-6	16	54	44	12	
2532	-50	10	42	8	34	66	56	20	
2533	-34	6	42	26	52	78	66	30	
2534	-14	0	42	46	74	86	72	40	
2535	8	-8	40	70	96	94	78	46	
2536	36	-20	40	96	118	96	78	52	
2537	64	-36	36	124	140	92	72	54	
2538	94	-56	34	150	158	84	62	54	
2539	122	-80	32	176	172	70	46	48	
2540	150	-108	28	198	182	52	26	38	
2541	176	-136	26	218	186	26	0	24	
2542	196	-166	24	232	186	-2	-30	6	
2543	212	-196	22	238	178	-34	-62	-16	
2544	220	-224	22	240	164	-66	-96	-40	
2545	224	-250	22	236	144	-100	-128	-64	
2546	218	-272	22	224	120	-130	-160	-90	
2547	208	-288	24	208	94	-158	-186	-114	
2548	192	-300	26	186	66	-182	-208	-134	
2549	170	-306	32	162	38	-200	-224	-152	
2550	144	-306	38	138	10	-212	-234	-166	
2551	114	-302	46	112	-14	-218	-240	-178	
2552	82	-294	58	90	-34	-218	-238	-184	
2553	50	-282	70	70	-48	-212	-234	-186	
2554	18	-268	86	54	-58	-202	-224	-186	
2555	-14	-254	102	42	-62	-190	-212	-182	
2556	-44	-238	120	36	-62	-174	-198	-176	
2557	-70	-222	140	32	-58	-156	-184	-170	
2558	-94	-208	160	34	-50	-138	-168	-162	
2559	-114	-194	180	38	-40	-122	-154	-154	
2560	-132	-182	200	44	-30	-104	-140	-146	
2561	-146	-172	220	50	-18	-88	-126	-140	
2562	-160	-162	236	58	-6	-74	-116	-132	
2563	-168	-152	252	64	4	-62	-104	-126	
2564	-176	-146	266	68	12	-50	-96	-120	
2565	-182	-138	278	70	20	-42	-88	-114	
2566	-188	-132	288	72	24	-34	-82	-110	
2567	-190	-128	296	70	26	-28	-76	-106	
2568	-194	-124	304	68	28	-24	-72	-102	
2569	-194	-120	308	64	26	-22	-68	-98	
2570	-194	-116	310	58	24	-20	-66	-96	
2571	-194	-114	308	52	20	-20	-64	-94	
2572	-192	-112	306	44	14	-22	-62	-92	
2573	-190	-108	300	36	8	-22	-62	-90	
2574	-186	-106	292	28	2	-24	-60	-88	
2575	-180	-102	280	20	-6	-28	-60	-86	
2576	-172	-100	264	10	-12	-30	-58	-84	
2577	-164	-94	246	2	-18	-32	-56	-82	
2578	-156	-88	226	-6	-24	-34	-54	-78	
2579	-146	-82	204	-14	-30	-34	-52	-74	
2580	-136	-74	182	-22	-34	-34	-48	-70	
2581	-126	-66	156	-28	-38	-34	-44	-64	
2582	-114	-58	132	-34	-40	-32	-38	-58	
2583	-104	-50	110	-38	-42	-30	-32	-52	
2584	-94	-42	88	-40	-42	-26	-26	-46	
2585	-84	-34	68	-42	-40	-22	-20	-38	
2586	-76	-26	50	-42	-38	-18	-14	-32	
2587	-68	-20	34	-42	-36	-14	-10	-26	
2588	-60	-16	22	-40	-32	-10	-4	-18	
2589	-54	-12	12	-38	-30	-8	0	-14	
2590	-48	-8	4	-34	-26	-4	4	-8	
2591	-44	-6	-2	-32	-24	-2	6	-4	
2592	-40	-6	-6	-30	-20	0	8	-2	
2593	-36	-6	-8	-28	-18	2	10	2	
2594	-32	-6	-10	-26	-18	4	12	2	
2595	-30	-6	-12	-24	-16	4	12	4	
2596	-26	-6	-14	-24	-16	4	12	4	
2597	-24	-6	-14	-22	-16	4	12	6	
2598	-22	-6	-16	-22	-16	4	12	6	
2599	-20	-6	-16	-22	-16	4	12	6	
2600	-18	-6	-18	-24	-16	4	12	6	
2601	-16	-6	-18	-24	-16	4	12	6	
2602	-14	-6	-20	-24	-18	4	12	6	
2603	-12	-6	-22	-26	-18	4	12	6	
2604	-10	-4	-22	-26	-18	2	12	6	
2605	-8	-4	-24	-26	-18	2	12	6	
2606	-6	-4	-26	-26	-18	2	12	6	
2607	-4	-2	-28	-28	-18	2	12	6	
2608	-2	-2	-28	-28	-18	2	12	8	
2609	0	-2	-30	-28	-18	2	12	8	
2610	2	0	-32	-28	-18	4	12	8	
2611	4	0	-32	-28	-16	4	14	10	
2612	4	2	-34	-26	-16	4	14	10	
2613	6	2	-34	-26	-14	6	14	12	
2614	6	4	-36	-26	-14	6	16	12	
2615	8	6	-36	-24	-12	8	18	14	
2616	8	6	-38	-22	-12	10	18	16	
2617	8	8	-38	-22	-10	12	20	18	
2618	6	10	-40	-20	-8	14	22	20	
2619	6	12	-40	-18	-6	16	24	22	
2620	6	14	-42	-18	-6	18	26	24	
2621	6	14	-42	-16	-4	20	28	26	
2622	6	16	-44	-14	-2	22	32	28	
2623	6	20	-44	-14	0	24	34	32	
2624	8	22	-46	-12	0	26	36	34	
2625	10	24	-48	-12	2	28	38	36	
2626	14	26	-50	-12	4	30	40	38	
2627	16	30	-54	-12	4	32	42	40	
2628	22	32	-56	-12	6	34	44	42	
2629	26	36	-60	-12	6	34	46	44	
2630	30	38	-62	-12	8	36	48	46	
2631	36	42	-66	-12	8	38	48	48	
2632	42	46	-70	-12	8	40	50	50	
2633	46	50	-74	-12	10	40	52	52	
2634	52	54	-76	-14	10	42	56	56	
2635	56	58	-82	-14	10	44	58	58	
2636	60	62	-86	-16	10	46	60	62	
2637	64	66	-90	-16	10	48	62	64	
2638	70	70	-94	-16	10	50	64	68	
2639	74	74	-98	-18	10	52	68	70	
2640	76	78	-102	-18	12	54	70	74	
2641	80	82	-106	-20	12	56	72	76	
2642	84	86	-110	-20	12	56	76	80	
2643	88	90	-114	-22	12	58	78	82	
2644	90	94	-118	-22	12	60	80	86	
2645	94	98	-122	-22	12	62	84	88	
2646	96	100	-124	-22	12	64	86	92	
2647	100	104	-128	-24	12	66	88	94	
2648	102	108	-132	-24	12	66	90	98	
2649	104	110	-134	-24	14	68	92	100	
2650	108	112	-136	-24	14	70	94	102	
2651	110	116	-140	-24	14	70	96	106	
2652	112	118	-142	-24	14	72	98	108	
2653	114	120	-144	-24	14	72	98	110	
2654	118	122	-148	-24	14	74	100	110	
2655	120	124	-150	-26	12	74	100	112	
2656	122	126	-150	-26	12	74	100	112	
2657	122	126	-152	-28	10	74	100	112	
2658	124	126	-154	-28	10	74	100	112	
2659	124	128	-154	-30	8	74	100	112	
2660	124	126	-154	-30	8	72	100	112	
2661	124	126	-154	-30	6	72	98	110	
2662	124	126	-152	-30	4	70	98	108	
2663	122	124	-150	-32	4	70	96	106	
2664	120	122	-148	-32	2	68	94	104	
2665	118	118	-146	-32	2	68	92	102	
2666	114	116	-142	-30	2	66	90	100	
2667	112	112	-140	-30	0	64	88	98	
2668	108	108	-136	-30	0	62	86	96	
2669	104	104	-132	-30	-2	60	82	94	
2670	100	100	-128	-28	-2	58	80	90	
2671	96	96	-124	-28	-2	56	76	88	
2672	92	90	-120	-28	-4	54	74	84	
2673	88	86	-114	-26	-4	50	70	80	
2674	84	82	-110	-26	-4	48	66	78	
2675	78	76	-104	-24	-4	46	64	74	
2676	74	72	-98	-24	-4	44	60	70	
2677	68	66	-94	-22	-4	42	56	66	
2678	62	62	-88	-20	-2	42	54	62	
2679	56	56	-82	-18	-2	40	52	60	
2680	50	52	-76	-14	0	38	48	56	
2681	44	48	-70	-12	0	38	46	52	
2682	38	44	-64	-10	2	38	44	48	
2683	34	38	-58	-6	4	36	42	46	
2684	28	36	-52	-4	4	36	38	42	
2685	24	32	-46	-2	6	34	36	38	
2686	20	28	-40	0	8	34	34	36	
2687	16	24	-36	2	8	34	32	32	
2688	12	22	-30	2	8	32	30	30	
2689	10	18	-26	4	10	32	26	28	
2690	8	16	-22	4	10	30	24	24	
2691	6	14	-18	4	10	30	22	22	
2692	4	12	-16	6	10	28	20	20	
2693	2	8	-12	6	10	28	18	18	
2694	0	6	-10	6	10	26	16	16	
2695	-2	6	-6	6	10	26	16	16	
2696	-2	4	-4	6	10	26	14	14	
2697	-4	2	-2	6	10	24	14	14	
2698	-6	0	0	6	8	24	12	12	
2699	-8	-2	2	6	8	24	12	12	
2700	-8	-4	2	6	8	22	10	12	
2701	-10	-4	4	8	8	22	10	10	
2702	-12	-6	4	6	6	20	10	10	
2703	-12	-8	4	6	6	20	10	8	
2704	-14	-8	4	6	6	18	8	8	
2705	-14	-10	4	6	4	18	8	6	
2706	-14	-10	6	6	4	16	8	6	
2707	-16	-10	6	6	2	16	8	4	
2708	-16	-12	6	4	2	14	8	4	
2709	-16	-12	6	4	2	14	6	2	
2710	-16	-12	6	4	0	14	6	2	
2711	-16	-12	6	2	0	12	6	0	
2712	-16	-12	6	2	0	12	6	0	
2713	-16	-12	6	2	0	12	6	0	
2714	-16	-12	6	0	-2	12	6	0	
2715	-16	-12	8	0	-2	10	4	0	
2716	-16	-10	8	0	-2	10	4	-2	
2717	-16	-10	8	-2	-2	10	4	-2	
2718	-14	-10	8	-2	-2	10	4	0	
2719	-14	-10	8	-2	-4	10	4	0	
2720	-12	-10	8	-2	-4	10	4	0	
2721	-12	-10	8	-2	-4	10	4	0	
2722	-12	-10	8	-2	-4	10	4	0	
2723	-10	-10	8	-4	-4	10	4	2	
2724	-10	-10	6	-4	-6	10	4	2	
2725	-10	-10	6	-4	-6	10	4	2	
2726	-10	-10	6	-4	-6	10	6	4	
2727	-10	-10	6	-4	-6	10	6	4	
2728	-10	-10	6	-4	-6	10	6	4	
2729	-10	-10	6	-4	-6	10	6	4	
2730	-12	-10	4	-4	-6	10	8	6	
2731	-12	-10	4	-4	-6	10	8	6	
2732	-12	-10	4	-4	-4	10	8	6	
2733	-14	-8	4	-6	-4	10	8	6	
2734	-14	-8	4	-6	-4	10	8	6	
2735	-14	-8	4	-6	-4	10	6	6	
2736	-14	-8	4	-6	-4	10	6	6	
2737	-14	-8	4	-8	-6	10	6	6	
2738	-14	-8	4	-8	-6	10	4	4	
2739	-14	-8	4	-8	-6	8	4	4	
2740	-14	-8	4	-10	-6	8	4	2	
2741	-14	-8	2	-10	-6	8	2	2	
2742	-14	-8	2	-10	-8	8	2	2	
2743	-14	-8	2	-10	-8	6	0	0	
2744	-14	-8	2	-10	-8	6	0	0	
2745	-14	-10	2	-10	-8	6	0	-2	
2746	-14	-10	2	-12	-8	6	0	-2	
2747	-16	-10	2	-12	-8	4	0	-2	
2748	-16	-12	4	-12	-10	4	0	-2	
2749	-18	-12	4	-12	-10	4	0	-2	
2750	-20	-12	4	-12	-10	4	2	-2	
2751	-20	-14	4	-12	-10	4	2	-2	
2752	-22	-14	4	-12	-10	4	2	0	
2753	-22	-14	4	-12	-10	4	2	0	
2754	-24	-14	6	-12	-10	4	2	0	
2755	-24	-14	6	-12	-10	4	2	0	
2756	-24	-16	6	-12	-10	4	2	0	
2757	-26	-16	6	-12	-10	4	2	0	
2758	-26	-16	4	-12	-12	4	2	-2	
2759	-26	-16	4	-12	-12	2	2	-2	
2760	-24	-16	4	-12	-12	2	2	-2	
2761	-24	-16	4	-14	-12	2	0	-2	
2762	-24	-16	4	-14	-12	2	0	-4	
2763	-24	-14	4	-14	-12	2	0	-4	
2764	-22	-14	4	-14	-12	2	0	-4	
2765	-22	-12	4	-14	-12	2	0	-4	
2766	-20	-12	4	-14	-12	2	0	-4	
2767	-18	-10	4	-14	-10	4	0	-4	
2768	-18	-8	4	-12	-10	4	0	-4	
2769	-16	-6	4	-12	-10	6	0	-2	
2770	-14	-2	6	-12	-8	6	2	-2	
2771	-12	0	6	-12	-6	8	2	0	
2772	-10	2	6	-10	-6	8	4	0	
2773	-10	6	6	-10	-4	10	6	2	
2774	-8	8	6	-10	-4	12	6	4	
2775	-6	10	6	-8	-2	12	8	6	
2776	-6	12	6	-8	0	14	10	8	
2777	-6	14	6	-8	0	14	12	8	
2778	-6	16	6	-8	2	16	14	10	
2779	-6	18	6	-8	2	16	14	12	
2780	-6	20	6	-8	4	18	16	12	
2781	-8	22	4	-8	4	18	18	14	
2782	-8	22	4	-6	6	20	20	14	
2783	-10	24	4	-6	6	20	20	16	
2784	-10	24	2	-8	6	22	22	16	
2785	-10	26	0	-8	6	22	22	16	
2786	-10	28	-2	-8	6	24	24	18	
2787	-10	28	-4	-8	6	24	24	18	
2788	-8	30	-6	-8	6	26	24	18	
2789	-8	30	-8	-10	6	26	26	18	
2790	-6	32	-10	-10	4	26	26	20	
2791	-4	34	-12	-10	4	28	28	20	
2792	0	36	-16	-12	4	28	28	22	
2793	2	36	-18	-12	4	28	28	22	
2794	6	38	-20	-14	4	28	30	24	
2795	8	40	-22	-14	4	30	30	26	
2796	10	40	-24	-14	4	30	32	26	
2797	12	42	-26	-14	4	30	32	28	
2798	14	42	-26	-14	4	30	32	28	
2799	16	42	-28	-14	4	30	32	30	
2800	18	42	-28	-14	4	30	32	30	
2801	18	42	-28	-14	4	28	32	30	
2802	18	40	-26	-12	4	28	32	30	
2803	18	38	-26	-12	4	26	30	30	
2804	16	36	-24	-12	2	24	28	28	
2805	16	34	-24	-12	2	22	26	28	
2806	14	30	-22	-12	0	20	24	26	
2807	12	26	-20	-14	-2	18	22	24	
2808	12	24	-18	-14	-4	16	20	20	
2809	10	20	-18	-16	-6	12	16	18	
2810	8	16	-16	-16	-8	10	14	14	
2811	8	12	-14	-18	-10	6	10	12	
2812	6	8	-14	-18	-12	4	8	8	
2813	4	4	-12	-20	-12	2	4	6	
2814	2	0	-10	-20	-14	-2	2	4	
2815	0	-4	-10	-20	-16	-4	-2	0	
2816	-4	-6	-8	-22	-18	-6	-4	-2	
2817	-6	-10	-6	-22	-18	-8	-6	-4	
2818	-10	-14	-4	-20	-18	-10	-8	-6	
2819	-14	-16	-4	-20	-20	-12	-10	-8	
2820	-18	-20	-2	-20	-20	-12	-12	-10	
2821	-22	-22	0	-20	-20	-14	-12	-12	
2822	-26	-24	2	-18	-20	-14	-14	-12	
2823	-30	-26	4	-18	-20	-14	-14	-14	
2824	-34	-30	6	-18	-20	-16	-14	-14	
2825	-38	-30	6	-16	-20	-16	-16	-16	
2826	-40	-32	8	-16	-20	-16	-16	-16	
2827	-42	-34	10	-16	-20	-16	-16	-16	
2828	-44	-36	10	-16	-20	-16	-16	-16	
2829	-44	-36	12	-16	-18	-16	-16	-16	
2830	-46	-36	12	-14	-18	-16	-16	-16	
2831	-46	-38	12	-14	-18	-16	-16	-16	
2832	-46	-38	12	-16	-18	-18	-16	-18	
2833	-44	-38	14	-16	-20	-18	-18	-18	
2834	-44	-38	14	-16	-20	-18	-18	-18	
2835	-44	-38	14	-18	-22	-20	-18	-18	
2836	-44	-38	12	-18	-24	-20	-18	-18	
2837	-44	-38	12	-20	-26	-20	-20	-20	
2838	-46	-36	12	-22	-28	-20	-20	-20	
2839	-48	-32	12	-26	-30	-22	-20	-20	
2840	-50	-30	14	-28	-32	-20	-18	-20	
2841	-54	-26	14	-32	-36	-20	-18	-20	
2842	-58	-22	16	-34	-38	-18	-16	-20	
2843	-64	-18	18	-36	-38	-14	-12	-18	
2844	-68	-12	20	-38	-38	-10	-8	-18	
2845	-72	-6	24	-38	-36	-2	-2	-14	
2846	-76	-2	28	-38	-32	4	4	-12	
2847	-76	2	30	-34	-24	14	12	-8	
2848	-74	6	34	-26	-14	24	22	-2	
2849	-70	10	36	-18	0	36	30	4	
2850	-60	10	38	-4	16	48	40	12	
2851	-48	10	40	14	34	60	50	20	
2852	-30	6	40	34	56	68	58	26	
2853	-8	-2	38	58	78	76	62	34	
2854	18	-12	38	84	102	80	64	38	
2855	48	-26	34	112	124	80	60	40	
2856	78	-42	32	142	146	74	52	38	
2857	110	-64	30	170	162	62	38	34	
2858	140	-88	26	196	176	46	18	24	
2859	168	-116	22	218	182	24	-6	10	
2860	194	-144	20	236	184	-4	-36	-8	
2861	212	-174	18	248	178	-34	-68	-28	
2862	226	-202	16	254	166	-66	-102	-52	
2863	234	-230	16	252	150	-100	-136	-78	
2864	232	-254	16	244	126	-132	-168	-104	
2865	226	-276	18	228	100	-164	-198	-130	
2866	210	-290	22	208	72	-190	-222	-154	
2867	190	-302	26	184	42	-210	-242	-174	
2868	164	-306	32	158	14	-226	-256	-190	
2869	134	-306	40	130	-12	-234	-262	-202	
2870	100	-302	50	104	-34	-238	-264	-210	
2871	64	-294	64	82	-52	-234	-260	-214	
2872	30	-282	78	62	-64	-226	-252	-214	
2873	-4	-268	94	48	-72	-214	-238	-210	
2874	-38	-252	112	38	-74	-198	-224	-202	
2875	-68	-234	130	32	-70	-178	-208	-194	
2876	-94	-218	150	32	-64	-160	-190	-184	
2877	-118	-202	170	34	-54	-140	-172	-174	
2878	-138	-186	190	38	-42	-120	-156	-164	
2879	-154	-172	208	46	-30	-100	-140	-154	
2880	-168	-160	226	52	-18	-84	-126	-144	
2881	-178	-148	242	58	-6	-68	-114	-136	
2882	-186	-138	258	64	6	-56	-102	-128	
2883	-192	-128	270	68	14	-44	-92	-120	
2884	-196	-122	282	68	20	-36	-86	-114	
2885	-198	-116	290	68	24	-30	-78	-110	
2886	-200	-110	298	66	26	-24	-74	-104	
2887	-202	-108	304	62	26	-22	-70	-102	
2888	-202	-104	308	56	26	-20	-68	-98	
2889	-202	-102	310	50	22	-20	-66	-96	
2890	-200	-102	308	42	16	-22	-64	-94	
2891	-198	-100	304	34	12	-24	-64	-92	
2892	-196	-98	298	26	4	-26	-64	-90	
2893	-192	-96	288	16	-2	-30	-64	-88	
2894	-186	-94	274	6	-10	-32	-62	-86	
2895	-180	-90	258	-2	-16	-36	-62	-84	
2896	-172	-86	240	-10	-22	-38	-60	-80	
2897	-164	-80	218	-20	-28	-38	-58	-76	
2898	-154	-74	196	-26	-34	-38	-54	-70	
2899	-144	-66	172	-32	-36	-38	-50	-66	
2900	-132	-58	146	-38	-40	-36	-44	-58	
2901	-122	-48	122	-42	-40	-34	-38	-52	
2902	-112	-40	100	-44	-40	-30	-32	-44	
2903	-100	-32	78	-44	-40	-28	-26	-38	
2904	-90	-24	60	-44	-38	-24	-20	-30	
2905	-80	-18	42	-44	-36	-20	-16	-24	
2906	-70	-12	28	-42	-34	-16	-10	-18	
2907	-62	-8	16	-40	-32	-14	-6	-14	
2908	-54	-4	6	-38	-30	-12	-2	-8	
2909	-46	-2	-2	-34	-28	-10	0	-6	
2910	-40	0	-8	-32	-26	-8	2	-2	
2911	-34	0	-12	-32	-26	-8	2	0	
2912	-30	0	-14	-30	-26	-8	4	0	
2913	-26	2	-18	-28	-26	-8	4	0	
2914	-24	2	-20	-28	-26	-8	4	2	
2915	-20	2	-20	-28	-26	-8	4	2	
2916	-20	2	-22	-28	-26	-8	4	2	
2917	-18	2	-22	-28	-26	-6	4	2	
2918	-18	2	-24	-28	-26	-6	4	2	
2919	-18	4	-24	-28	-26	-6	4	2	
2920	-18	4	-24	-28	-26	-4	6	2	
2921	-18	4	-26	-28	-26	-4	6	4	
2922	-16	6	-26	-28	-24	-4	6	4	
2923	-16	6	-26	-28	-24	-2	8	6	
2924	-14	8	-26	-28	-24	-2	8	6	
2925	-12	8	-28	-28	-22	0	8	6	
2926	-10	8	-28	-28	-22	0	8	8	
2927	-8	10	-28	-26	-22	0	8	8	
2928	-6	10	-30	-26	-20	0	10	8	
2929	-4	10	-30	-26	-20	0	10	10	
2930	0	10	-32	-26	-20	0	10	10	
2931	2	12	-32	-26	-18	0	10	10	
2932	4	12	-34	-26	-18	2	10	10	
2933	6	12	-36	-26	-18	2	10	12	
2934	8	14	-36	-24	-16	2	12	12	
2935	10	14	-38	-24	-16	2	12	12	
2936	10	16	-40	-24	-16	2	14	14	
2937	12	18	-42	-24	-14	2	14	16	
2938	12	18	-42	-22	-14	4	16	16	
2939	14	20	-44	-22	-14	4	18	18	
2940	14	22	-46	-22	-14	6	20	20	
2941	16	24	-48	-20	-12	8	22	22	
2942	16	26	-50	-20	-12	8	24	24	
2943	18	30	-52	-20	-10	10	26	26	
2944	20	32	-52	-18	-10	12	28	28	
2945	20	34	-54	-18	-8	14	32	30	
2946	22	38	-56	-18	-6	16	34	34	
2947	26	40	-58	-16	-6	18	36	36	
2948	28	44	-60	-16	-4	20	38	38	
2949	32	46	-64	-14	-2	22	40	40	
2950	36	50	-66	-14	-2	24	44	42	
2951	40	54	-70	-14	0	24	46	44	
2952	44	58	-72	-14	0	26	48	46	
2953	48	60	-76	-14	2	28	48	48	
2954	54	64	-80	-14	2	28	50	50	
2955	58	68	-84	-14	2	30	52	52	
2956	64	72	-88	-14	2	30	54	54	
2957	68	76	-92	-16	2	32	54	54	
2958	74	78	-96	-16	4	32	56	56	
2959	78	82	-100	-16	4	32	58	58	
2960	82	84	-104	-18	4	34	60	62	
2961	86	88	-110	-18	4	34	62	64	
2962	90	90	-114	-20	4	36	64	66	
2963	94	94	-118	-20	4	36	66	70	
2964	96	96	-122	-22	6	38	68	72	
2965	100	98	-124	-22	6	38	70	76	
2966	102	102	-128	-22	6	40	72	78	
2967	106	104	-132	-24	6	42	74	82	
2968	108	106	-136	-24	6	42	76	84	
2969	112	110	-138	-26	6	44	78	86	
2970	116	112	-142	-26	6	44	80	88	
2971	118	116	-144	-28	4	46	82	90	
2972	122	118	-146	-28	4	46	82	92	
2973	124	122	-150	-30	2	46	84	92	
2974	126	124	-152	-30	2	46	84	92	
2975	130	126	-152	-32	0	46	84	94	
2976	130	128	-154	-34	-2	46	84	92	
2977	132	128	-156	-36	-2	44	84	92	
2978	132	128	-156	-36	-4	44	84	92	
2979	132	128	-156	-38	-6	42	82	90	
2980	130	128	-154	-38	-6	42	82	90	
2981	128	126	-154	-40	-8	42	80	88	
2982	126	124	-152	-40	-8	40	80	88	
2983	124	122	-150	-40	-8	40	78	86	
2984	120	120	-148	-40	-8	38	76	86	
2985	114	118	-144	-38	-8	38	76	84	
2986	110	114	-140	-38	-8	36	74	82	
2987	106	110	-136	-36	-8	36	70	82	
2988	100	108	-132	-36	-8	34	68	80	
2989	94	104	-128	-34	-8	34	66	78	
2990	90	100	-122	-32	-6	32	64	76	
2991	84	96	-118	-30	-6	32	60	72	
2992	78	92	-112	-28	-6	30	58	70	
2993	72	86	-106	-26	-6	28	54	66	
2994	68	82	-100	-24	-6	28	50	62	
2995	62	78	-94	-22	-6	26	48	58	
2996	56	74	-90	-22	-6	24	44	54	
2997	52	70	-84	-20	-4	24	40	50	
2998	46	66	-78	-18	-4	22	38	46	
2999	42	62	-72	-18	-4	20	34	42	
3000	38	60	-68	-16	-4	20	32	38	
3001	34	56	-62	-14	-4	18	30	34	
3002	28	52	-58	-14	-2	18	28	30	
3003	24	48	-52	-12	-2	16	26	28	
3004	22	46	-46	-10	0	16	24	24	
3005	18	42	-42	-8	2	16	22	22	
3006	14	40	-36	-6	2	16	22	20	
3007	12	36	-32	-4	4	16	20	18	
3008	8	34	-26	-2	6	14	18	18	
3009	6	30	-22	0	6	14	18	16	
3010	4	28	-18	0	8	14	16	16	
3011	4	26	-14	2	8	14	16	14	
3012	2	24	-10	4	10	14	14	14	
3013	2	22	-8	4	10	12	12	12	
3014	0	20	-6	6	10	12	10	12	
3015	0	18	-4	6	10	10	8	10	
3016	-2	16	-2	6	10	8	8	10	
3017	-2	14	0	6	8	8	6	8	
3018	-4	12	0	6	8	6	4	6	
3019	-4	10	2	6	6	6	4	6	
3020	-6	10	2	6	6	4	2	4	
3021	-8	8	2	4	4	2	2	4	
3022	-10	8	2	4	4	2	0	2	
3023	-12	6	2	4	2	0	0	2	
3024	-14	6	2	4	2	0	0	2	
3025	-16	6	2	2	2	0	0	0	
3026	-16	4	2	2	0	0	0	0	
3027	-18	4	2	2	0	-2	-2	0	
3028	-18	4	2	0	0	-2	-2	0	
3029	-18	4	2	0	-2	-2	-2	-2	
3030	-20	4	2	0	-2	-2	-2	-2	
3031	-18	4	4	-2	-2	-2	-2	-2	
3032	-18	6	4	-2	-4	-2	-2	-4	
3033	-18	6	4	-4	-4	-2	-2	-4	
3034	-18	6	2	-4	-4	-2	-2	-4	
3035	-18	6	2	-6	-6	-2	-2	-4	
3036	-16	6	2	-6	-6	-2	-2	-4	
3037	-16	6	2	-6	-6	-2	-2	-6	
3038	-16	6	2	-6	-6	-2	-2	-6	
3039	-16	6	2	-8	-6	-2	-2	-4	
3040	-16	6	2	-8	-6	-2	0	-4	
3041	-16	6	2	-8	-6	-2	0	-4	
3042	-16	6	2	-8	-6	-2	0	-4	
3043	-16	6	2	-6	-6	-2	2	-2	
3044	-16	4	2	-6	-6	-2	2	-2	
3045	-16	4	2	-6	-6	-2	2	0	
3046	-16	4	2	-6	-6	-2	2	0	
3047	-16	4	2	-8	-8	-2	2	0	
3048	-16	4	2	-8	-8	-2	2	0	
3049	-16	6	2	-8	-8	-2	2	0	
3050	-16	6	2	-8	-8	-4	2	-2	
3051	-16	6	2	-8	-10	-4	0	-2	
3052	-16	6	2	-10	-10	-4	0	-2	
3053	-16	8	2	-10	-10	-4	-2	-4	
3054	-16	8	2	-10	-10	-4	-2	-4	
3055	-18	8	2	-10	-10	-6	-4	-6	
3056	-18	8	2	-10	-10	-6	-4	-6	
3057	-18	6	4	-10	-10	-6	-4	-6	
3058	-18	6	4	-10	-10	-6	-6	-6	
3059	-20	4	4	-10	-8	-6	-6	-6	
3060	-20	4	4	-8	-8	-6	-6	-6	
3061	-20	2	4	-8	-8	-6	-6	-6	
3062	-20	2	4	-8	-8	-6	-6	-6	
3063	-20	0	4	-8	-8	-6	-4	-4	
3064	-22	0	4	-8	-10	-6	-4	-4	
3065	-22	-2	4	-8	-10	-6	-4	-4	
3066	-22	-2	4	-8	-10	-6	-4	-4	
3067	-22	-2	4	-10	-12	-6	-4	-4	
3068	-22	-2	4	-10	-12	-6	-4	-4	
3069	-22	-2	4	-10	-14	-8	-4	-4	
3070	-22	-2	4	-12	-14	-8	-4	-6	
3071	-22	-2	4	-12	-14	-8	-6	-6	
3072	-22	-2	4	-12	-16	-8	-6	-6	
3073	-22	-2	4	-14	-16	-8	-6	-8	
3074	-24	-2	4	-14	-16	-8	-6	-8	
3075	-22	-2	4	-14	-16	-8	-8	-10	
3076	-22	-2	4	-16	-16	-8	-8	-10	
3077	-22	-2	4	-16	-16	-8	-8	-10	
3078	-22	-2	4	-16	-16	-8	-8	-10	
3079	-22	0	4	-16	-16	-8	-8	-10	
3080	-22	0	4	-16	-16	-8	-8	-10	
3081	-20	0	4	-16	-14	-8	-8	-8	
3082	-20	2	6	-14	-14	-8	-6	-8	
3083	-20	2	6	-14	-14	-8	-6	-6	
3084	-20	4	6	-14	-14	-8	-4	-6	
3085	-20	6	6	-12	-14	-8	-4	-4	
3086	-18	8	8	-12	-12	-8	-2	-4	
3087	-18	10	8	-12	-12	-6	0	-2	
3088	-18	14	8	-12	-10	-6	0	-2	
3089	-18	16	8	-10	-10	-4	2	0	
3090	-16	18	10	-10	-8	-2	4	0	
3091	-16	20	10	-10	-6	0	6	2	
3092	-14	22	10	-8	-6	2	6	2	
3093	-14	24	10	-8	-4	4	8	4	
3094	-14	26	8	-8	-2	6	8	6	
3095	-12	28	8	-6	0	8	10	6	
3096	-12	28	8	-6	2	10	10	8	
3097	-12	30	6	-6	4	10	12	10	
3098	-10	30	6	-6	4	12	12	10	
3099	-10	30	4	-6	6	14	14	12	
3100	-10	32	2	-6	6	14	14	12	
3101	-8	34	0	-6	6	16	16	14	
3102	-6	34	-2	-8	6	16	16	14	
3103	-6	36	-6	-8	4	16	18	14	
3104	-4	40	-8	-10	4	16	18	16	
3105	-2	42	-10	-12	2	16	20	16	
3106	2	44	-14	-14	2	16	20	16	
3107	4	48	-16	-14	0	16	22	16	
3108	6	52	-20	-16	0	16	22	16	
3109	8	54	-22	-18	0	18	24	16	
3110	12	58	-24	-18	0	18	24	18	
3111	14	60	-26	-18	0	18	24	18	
3112	14	62	-26	-20	0	18	26	20	
3113	16	62	-26	-18	0	20	26	20	
3114	16	62	-28	-18	0	20	26	22	
3115	18	62	-26	-18	0	20	26	22	
3116	16	60	-26	-16	0	18	26	24	
3117	16	58	-26	-16	0	18	24	24	
3118	16	56	-24	-16	0	16	24	24	
3119	14	52	-22	-14	0	16	22	24	
3120	12	48	-22	-14	0	14	20	24	
3121	10	44	-20	-14	0	12	18	22	
3122	8	40	-18	-14	-2	8	16	20	
3123	6	36	-18	-14	-4	6	12	18	
3124	6	30	-16	-16	-4	4	10	16	
3125	4	26	-14	-16	-6	0	8	14	
3126	2	22	-14	-18	-8	-2	4	12	
3127	0	18	-12	-18	-10	-6	2	8	
3128	-2	14	-12	-20	-12	-8	0	6	
3129	-4	10	-10	-22	-14	-12	-4	2	
3130	-4	6	-10	-22	-16	-14	-6	0	
3131	-6	2	-8	-24	-18	-16	-8	-2	
3132	-8	-2	-6	-24	-20	-18	-10	-6	
3133	-10	-4	-6	-24	-22	-20	-14	-8	
3134	-12	-8	-4	-24	-22	-22	-14	-10	
3135	-16	-12	-2	-24	-24	-22	-16	-14	
3136	-18	-14	0	-24	-24	-22	-18	-14	
3137	-22	-18	2	-22	-24	-22	-18	-16	
3138	-26	-20	4	-22	-24	-22	-20	-18	
3139	-28	-22	4	-20	-24	-22	-20	-18	
3140	-32	-24	6	-20	-24	-22	-20	-20	
3141	-36	-26	8	-18	-22	-22	-20	-20	
3142	-38	-26	10	-18	-22	-22	-20	-20	
3143	-40	-28	10	-16	-22	-22	-20	-20	
3144	-42	-28	10	-16	-22	-22	-20	-20	
3145	-44	-28	12	-16	-22	-22	-20	-20	
3146	-44	-28	12	-16	-22	-24	-20	-20	
3147	-44	-28	12	-16	-24	-24	-22	-20	
3148	-44	-28	10	-16	-24	-26	-22	-20	
3149	-42	-28	10	-18	-26	-26	-22	-20	
3150	-42	-28	10	-18	-26	-28	-24	-22	
3151	-42	-26	10	-20	-28	-28	-24	-22	
3152	-42	-24	10	-22	-30	-28	-24	-22	
3153	-44	-22	10	-24	-30	-28	-24	-22	
3154	-46	-20	10	-26	-32	-28	-24	-22	
3155	-48	-18	12	-28	-32	-26	-22	-22	
3156	-52	-14	14	-30	-32	-24	-20	-20	
3157	-56	-12	16	-32	-32	-20	-16	-20	
3158	-60	-8	18	-32	-32	-16	-12	-18	
3159	-64	-4	22	-32	-28	-10	-8	-14	
3160	-68	0	24	-32	-24	-4	-2	-12	
3161	-72	4	28	-30	-18	4	6	-8	
3162	-72	8	32	-26	-10	14	14	-2	
3163	-70	12	34	-18	0	24	24	4	
3164	-64	14	36	-10	12	36	32	10	
3165	-56	14	38	2	28	46	42	16	
3166	-42	12	38	18	44	56	50	22	
3167	-24	8	38	36	62	62	56	30	
3168	0	0	36	56	82	68	60	34	
3169	24	-10	34	80	102	70	58	38	
3170	54	-24	32	106	120	66	54	40	
3171	84	-44	28	130	136	58	44	38	
3172	116	-66	26	156	150	46	28	32	
3173	146	-92	22	178	158	26	8	24	
3174	174	-120	18	198	162	4	-16	12	
3175	198	-150	14	214	162	-24	-46	-6	
3176	218	-180	12	224	154	-54	-78	-24	
3177	230	-210	10	230	142	-88	-110	-46	
3178	236	-236	10	228	126	-120	-142	-70	
3179	236	-260	8	220	104	-150	-172	-94	
3180	228	-278	10	206	78	-178	-200	-116	
3181	214	-292	12	186	52	-202	-222	-138	
3182	194	-298	16	164	26	-220	-238	-156	
3183	168	-300	22	140	2	-232	-248	-170	
3184	138	-296	30	114	-22	-238	-252	-182	
3185	106	-288	38	90	-40	-236	-250	-188	
3186	72	-276	52	70	-54	-230	-244	-190	
3187	36	-260	66	52	-64	-220	-234	-190	
3188	4	-244	82	40	-68	-204	-220	-186	
3189	-28	-226	100	32	-68	-188	-204	-180	
3190	-58	-210	118	28	-64	-168	-188	-174	
3191	-84	-194	140	30	-56	-148	-172	-164	
3192	-108	-178	160	34	-44	-128	-154	-156	
3193	-128	-166	180	40	-32	-108	-140	-146	
3194	-144	-154	200	48	-18	-92	-126	-138	
3195	-156	-142	220	56	-6	-76	-114	-130	
3196	-166	-134	236	64	6	-62	-102	-122	
3197	-174	-126	252	72	16	-50	-92	-116	
3198	-180	-118	266	78	26	-40	-84	-110	
3199	-184	-112	278	80	32	-32	-78	-106	
3200	-186	-108	288	82	36	-26	-74	-100	
3201	-186	-104	296	80	40	-20	-68	-96	
3202	-188	-100	302	78	40	-18	-66	-94	
3203	-188	-98	306	74	38	-16	-64	-92	
3204	-186	-96	308	68	36	-18	-62	-88	
3205	-186	-96	306	60	30	-18	-62	-88	
3206	-184	-94	302	52	26	-20	-60	-86	
3207	-182	-94	296	44	18	-24	-60	-84	
3208	-180	-92	288	34	12	-26	-60	-82	
3209	-176	-90	276	26	4	-30	-60	-80	
3210	-170	-86	260	16	-4	-32	-58	-78	
3211	-166	-82	242	6	-10	-34	-56	-76	
3212	-158	-76	222	-4	-18	-36	-54	-74	
3213	-150	-70	200	-12	-24	-38	-52	-70	
3214	-140	-64	176	-20	-30	-38	-48	-66	
3215	-130	-56	152	-28	-34	-36	-44	-60	
3216	-120	-48	128	-34	-38	-36	-40	-54	
3217	-108	-40	106	-38	-40	-34	-34	-50	
3218	-96	-32	84	-42	-42	-32	-30	-44	
3219	-84	-24	64	-44	-42	-28	-24	-38	
3220	-74	-18	46	-44	-42	-26	-20	-32	
3221	-62	-12	30	-44	-40	-22	-16	-26	
3222	-52	-8	16	-42	-40	-20	-12	-22	
3223	-44	-4	6	-42	-38	-16	-8	-18	
3224	-36	-2	-2	-38	-36	-14	-6	-14	
3225	-30	0	-8	-36	-34	-12	-4	-10	
3226	-26	0	-12	-34	-32	-10	-2	-6	
3227	-22	0	-14	-32	-30	-8	0	-4	
3228	-18	0	-16	-30	-28	-6	2	-2	
3229	-16	0	-18	-28	-26	-6	2	0	
3230	-16	0	-18	-26	-24	-4	4	2	
3231	-14	-2	-18	-26	-24	-4	4	4	
3232	-14	-2	-20	-24	-22	-4	4	6	
3233	-14	-2	-20	-24	-22	-4	4	6	
3234	-14	-2	-20	-24	-20	-4	6	8	
3235	-14	-2	-20	-22	-20	-4	6	8	
3236	-14	-2	-22	-22	-20	-4	6	8	
3237	-12	0	-22	-22	-20	-4	6	8	
3238	-12	0	-24	-22	-20	-2	6	8	
3239	-12	2	-24	-22	-20	-2	6	8	
3240	-12	2	-26	-22	-20	-2	6	8	
3241	-10	4	-26	-22	-20	-2	6	8	
3242	-10	6	-28	-20	-22	-2	6	8	
3243	-10	6	-28	-20	-22	0	6	8	
3244	-8	8	-30	-20	-22	0	8	8	
3245	-8	10	-32	-20	-22	0	8	8	
3246	-6	12	-34	-20	-22	2	10	8	
3247	-6	14	-34	-20	-22	2	12	10	
3248	-4	16	-36	-20	-22	4	14	10	
3249	-2	18	-38	-20	-20	6	16	12	
3250	0	20	-40	-20	-20	6	18	14	
3251	4	22	-40	-22	-20	8	20	16	
3252	6	24	-42	-22	-18	8	22	18	
3253	10	26	-44	-22	-18	10	24	20	
3254	12	28	-46	-20	-16	10	26	22	
3255	16	30	-48	-20	-14	12	26	24	
3256	20	32	-50	-20	-14	12	28	26	
3257	22	34	-52	-20	-12	12	30	28	
3258	26	36	-54	-20	-10	12	30	28	
3259	28	38	-56	-20	-10	14	32	30	
3260	32	40	-60	-20	-8	14	32	30	
3261	34	44	-62	-20	-8	14	32	30	
3262	36	46	-64	-18	-8	14	34	32	
3263	38	50	-68	-18	-6	16	36	32	
3264	40	54	-70	-18	-6	18	38	34	
3265	42	58	-74	-18	-4	20	40	36	
3266	44	62	-76	-18	-4	22	42	38	
3267	48	66	-78	-16	-2	24	46	40	
3268	50	70	-82	-16	-2	26	48	44	
3269	52	74	-86	-16	0	30	52	46	
3270	56	78	-88	-16	2	32	56	50	
3271	58	82	-92	-16	2	36	60	56	
3272	62	86	-96	-16	4	38	62	60	
3273	66	88	-100	-18	4	42	66	64	
3274	70	92	-104	-18	6	44	70	70	
3275	74	96	-108	-18	6	46	72	74	
3276	80	100	-112	-20	6	48	74	78	
3277	84	104	-116	-22	6	50	76	82	
3278	88	106	-120	-22	6	52	78	84	
3279	92	110	-124	-24	6	52	80	88	
3280	96	112	-128	-26	6	52	80	90	
3281	98	116	-132	-28	6	52	82	92	
3282	102	118	-136	-28	4	52	82	92	
3283	104	120	-138	-30	4	54	84	94	
3284	108	120	-142	-30	4	54	84	96	
3285	110	122	-144	-30	4	54	86	96	
3286	112	124	-146	-30	4	54	86	98	
3287	114	124	-148	-30	4	54	88	100	
3288	116	126	-150	-30	4	56	88	100	
3289	118	126	-152	-30	4	56	90	102	
3290	118	126	-154	-28	4	56	90	102	
3291	120	126	-154	-28	4	56	90	104	
3292	122	128	-156	-28	4	56	90	104	
3293	122	128	-156	-28	4	56	90	104	
3294	122	128	-156	-28	2	54	90	102	
3295	122	126	-156	-30	2	54	88	102	
3296	122	126	-156	-30	0	52	86	100	
3297	122	124	-154	-32	-2	50	84	98	
3298	120	124	-152	-32	-4	48	82	94	
3299	118	122	-150	-32	-4	46	80	92	
3300	116	118	-148	-34	-6	44	76	90	
3301	112	116	-144	-34	-8	44	74	86	
3302	108	112	-140	-34	-8	42	72	84	
3303	104	108	-136	-32	-10	40	70	80	
3304	98	104	-130	-32	-10	38	66	78	
3305	92	100	-124	-30	-10	36	64	76	
3306	86	94	-118	-28	-8	34	62	74	
3307	80	90	-112	-26	-8	32	60	70	
3308	74	84	-106	-24	-6	32	56	68	
3309	68	80	-98	-22	-6	30	54	66	
3310	62	74	-92	-20	-4	28	52	64	
3311	56	70	-86	-18	-2	28	50	60	
3312	52	66	-80	-14	0	26	46	58	
3313	46	60	-72	-12	2	26	44	54	
3314	42	56	-66	-10	2	24	40	50	
3315	36	52	-62	-8	4	22	38	48	
3316	32	50	-56	-8	6	22	36	44	
3317	28	46	-50	-6	6	20	32	40	
3318	24	44	-46	-4	8	20	30	36	
3319	22	42	-42	-2	8	20	28	32	
3320	18	40	-38	-2	10	18	26	28	
3321	16	38	-34	0	10	18	24	24	
3322	12	36	-30	0	12	16	22	20	
3323	10	34	-26	0	12	16	20	18	
3324	8	32	-22	2	12	14	18	16	
3325	6	30	-18	2	12	14	16	12	
3326	4	28	-14	2	12	12	16	12	
3327	2	26	-12	4	12	10	14	10	
3328	0	22	-10	4	12	10	12	8	
3329	-2	20	-6	4	12	8	12	8	
3330	-4	18	-4	4	12	8	10	6	
3331	-4	16	-2	4	12	6	10	6	
3332	-6	14	0	4	12	6	8	6	
3333	-6	12	2	4	12	4	8	6	
3334	-8	10	4	4	12	4	8	6	
3335	-8	8	4	4	12	4	8	6	
3336	-8	6	6	4	12	4	8	6	
3337	-8	6	6	4	12	2	8	6	
3338	-10	4	8	6	12	2	8	6	
3339	-10	4	8	6	12	2	8	4	
3340	-10	2	8	6	12	2	8	4	
3341	-10	2	10	6	12	2	8	4	
3342	-12	2	10	6	12	2	8	4	
3343	-12	2	10	6	12	2	8	4	
3344	-12	2	10	6	12	2	8	2	
3345	-12	2	10	6	10	2	6	2	
3346	-14	2	10	6	10	2	6	2	
3347	-14	2	10	6	10	2	6	0	
3348	-14	0	10	6	10	0	6	0	
3349	-14	0	8	6	8	0	4	0	
3350	-14	0	8	4	8	0	4	-2	
3351	-16	0	8	4	8	-2	4	-2	
3352	-16	-2	8	4	6	-2	4	-2	
3353	-14	-2	6	2	6	-2	2	-2	
3354	-14	-2	6	2	4	-2	2	-4	
3355	-14	-2	6	0	4	-4	2	-4	
3356	-14	-2	4	0	4	-4	2	-4	
3357	-14	-2	4	-2	2	-4	2	-4	
3358	-12	-2	4	-2	2	-4	2	-4	
3359	-12	-2	4	-4	2	-4	2	-4	
3360	-12	-2	2	-4	2	-4	2	-4	
3361	-12	-2	4	-4	0	-4	2	-4	
3362	-12	0	4	-4	0	-4	2	-4	
3363	-12	0	4	-4	0	-4	4	-2	
3364	-12	2	4	-4	0	-4	4	-2	
3365	-12	2	4	-4	2	-4	4	-2	
3366	-12	4	6	-4	2	-2	6	0	
3367	-14	4	6	-4	2	-2	6	0	
3368	-14	6	6	-4	2	-2	6	0	
3369	-14	6	8	-2	2	-2	6	2	
3370	-16	6	8	-2	4	-2	6	2	
3371	-16	6	8	-2	4	0	8	2	
3372	-16	4	8	-2	4	0	8	2	
3373	-16	4	10	-4	4	0	6	2	
3374	-16	4	10	-4	4	0	6	2	
3375	-16	2	10	-4	4	0	6	0	
3376	-16	2	10	-6	2	0	6	0	
3377	-16	0	8	-6	2	-2	4	-2	
3378	-16	0	8	-8	2	-2	4	-2	
3379	-16	0	8	-8	0	-2	2	-4	
3380	-16	0	8	-8	0	-2	2	-4	
3381	-16	0	8	-10	0	-4	2	-6	
3382	-16	0	8	-10	-2	-4	0	-6	
3383	-16	2	8	-10	-2	-4	0	-6	
3384	-18	2	8	-10	-2	-6	0	-6	
3385	-18	2	8	-10	-2	-6	0	-6	
3386	-18	2	8	-10	-4	-6	0	-6	
3387	-18	2	8	-12	-4	-6	0	-4	
3388	-20	2	8	-12	-4	-6	0	-4	
3389	-20	0	8	-12	-4	-8	0	-4	
3390	-20	0	8	-10	-4	-8	0	-2	
3391	-20	0	8	-10	-4	-8	0	-2	
3392	-20	-2	8	-10	-6	-8	0	-2	
3393	-20	-2	8	-10	-6	-8	0	0	
3394	-20	-2	10	-10	-4	-8	0	0	
3395	-20	-2	10	-8	-4	-8	0	0	
3396	-20	-2	10	-8	-4	-6	2	2	
3397	-20	0	10	-8	-4	-6	2	2	
3398	-20	2	12	-6	-4	-6	2	2	
3399	-20	4	12	-6	-2	-6	4	2	
3400	-18	6	12	-4	-2	-4	4	2	
3401	-18	8	12	-4	-2	-4	4	2	
3402	-16	12	12	-4	-2	-4	4	2	
3403	-14	14	12	-4	-2	-2	6	2	
3404	-12	18	10	-4	-2	-2	6	2	
3405	-10	22	10	-6	-2	-2	6	2	
3406	-10	24	10	-6	-2	0	6	2	
3407	-8	28	8	-6	-2	0	6	2	
3408	-6	30	8	-8	0	2	6	2	
3409	-4	34	6	-8	0	2	8	2	
3410	-4	36	6	-10	0	4	8	2	
3411	-2	38	4	-10	0	4	10	2	
3412	-2	40	4	-10	2	6	10	2	
3413	-2	40	4	-10	2	8	12	4	
3414	-2	42	4	-8	4	8	14	6	
3415	-4	42	2	-8	4	10	16	8	
3416	-4	42	2	-8	6	12	16	10	
3417	-4	42	0	-6	8	12	18	12	
3418	-6	44	0	-6	8	14	20	14	
3419	-6	44	-2	-6	8	16	22	16	
3420	-6	46	-4	-6	8	16	24	18	
3421	-6	46	-6	-6	8	18	24	20	
3422	-4	48	-8	-6	8	18	26	20	
3423	-4	50	-10	-8	8	20	26	22	
3424	-2	52	-12	-8	6	20	28	24	
3425	0	56	-14	-10	6	20	28	24	
3426	2	58	-18	-10	6	20	28	24	
3427	6	62	-20	-12	4	22	28	26	
3428	8	64	-22	-12	4	22	28	26	
3429	10	66	-22	-12	4	22	28	26	
3430	12	68	-24	-14	4	22	28	26	
3431	14	68	-24	-14	4	20	28	26	
3432	16	68	-24	-14	4	20	26	26	
3433	16	68	-24	-14	4	20	26	26	
3434	16	66	-24	-14	2	18	24	24	
3435	16	64	-24	-12	2	16	22	24	
3436	16	60	-22	-12	2	14	20	22	
3437	16	58	-22	-14	0	12	18	20	
3438	14	52	-20	-14	-2	8	14	18	
3439	12	48	-18	-14	-2	6	12	16	
3440	10	44	-18	-14	-4	4	8	14	
3441	10	38	-16	-14	-6	2	6	10	
3442	6	34	-14	-16	-8	0	4	8	
3443	4	30	-12	-16	-10	-4	0	6	
3444	2	24	-10	-16	-10	-6	-2	2	
3445	-2	20	-8	-16	-12	-8	-4	0	
3446	-4	16	-6	-16	-12	-10	-6	-4	
3447	-8	12	-4	-16	-14	-12	-10	-6	
3448	-10	8	-2	-16	-14	-14	-12	-8	
3449	-14	4	0	-16	-16	-16	-14	-10	
3450	-16	0	2	-14	-16	-18	-16	-12	
3451	-18	-4	4	-14	-16	-18	-16	-14	
3452	-22	-8	4	-14	-18	-20	-18	-14	
3453	-24	-12	6	-14	-18	-22	-18	-16	
3454	-26	-16	8	-14	-18	-22	-20	-16	
3455	-28	-18	8	-14	-18	-24	-20	-16	
3456	-28	-20	8	-14	-20	-24	-20	-18	
3457	-30	-22	10	-14	-20	-24	-20	-18	
3458	-32	-24	10	-14	-20	-24	-20	-16	
3459	-32	-26	10	-14	-20	-24	-20	-16	
3460	-34	-26	12	-14	-20	-24	-20	-16	
3461	-34	-28	12	-14	-20	-22	-20	-16	
3462	-36	-28	12	-14	-20	-22	-20	-16	
3463	-38	-28	12	-14	-20	-22	-20	-16	
3464	-38	-26	12	-14	-20	-22	-20	-16	
3465	-40	-26	12	-14	-20	-20	-20	-16	
3466	-40	-24	12	-14	-20	-20	-20	-16	
3467	-42	-24	12	-16	-20	-20	-20	-18	
3468	-44	-22	12	-16	-22	-20	-20	-18	
3469	-44	-18	12	-18	-24	-20	-22	-18	
3470	-48	-16	12	-20	-26	-20	-20	-18	
3471	-50	-12	14	-24	-26	-20	-20	-18	
3472	-54	-10	14	-26	-28	-18	-20	-20	
3473	-58	-6	16	-28	-28	-16	-18	-18	
3474	-62	-2	20	-30	-28	-12	-14	-18	
3475	-64	2	22	-30	-26	-8	-10	-18	
3476	-68	6	26	-28	-24	-2	-4	-16	
3477	-70	10	28	-26	-18	6	4	-12	
3478	-70	12	32	-22	-8	16	12	-8	
3479	-66	14	36	-14	2	28	22	-2	
3480	-60	16	38	-4	16	38	32	4	
3481	-50	14	40	10	34	50	42	12	
3482	-36	12	40	26	54	62	52	20	
3483	-18	6	40	46	74	70	60	28	
3484	4	-4	40	70	96	78	64	34	
3485	30	-16	38	94	118	82	66	40	
3486	56	-32	36	120	140	80	62	42	
3487	84	-52	32	146	158	74	54	44	
3488	114	-74	30	172	174	62	40	40	
3489	140	-100	26	194	184	44	20	32	
3490	166	-128	24	214	188	22	-4	20	
3491	186	-156	22	228	188	-6	-34	6	
3492	202	-184	20	236	180	-36	-64	-14	
3493	212	-212	18	238	166	-68	-96	-34	
3494	216	-236	16	234	146	-98	-128	-58	
3495	214	-256	16	222	124	-130	-158	-80	
3496	204	-270	16	206	96	-156	-184	-102	
3497	190	-280	20	184	68	-180	-206	-122	
3498	168	-286	22	160	40	-198	-222	-140	
3499	144	-286	28	136	12	-210	-232	-154	
3500	114	-280	36	110	-12	-216	-238	-166	
3501	84	-272	46	88	-32	-216	-236	-172	
3502	52	-260	58	66	-46	-210	-232	-176	
3503	18	-246	72	50	-56	-202	-222	-176	
3504	-12	-230	90	40	-62	-188	-210	-172	
3505	-42	-216	108	34	-62	-172	-198	-168	
3506	-68	-202	128	32	-58	-156	-182	-162	
3507	-92	-188	148	34	-50	-138	-168	-156	
3508	-112	-174	168	38	-38	-120	-154	-148	
3509	-130	-164	188	46	-26	-104	-142	-142	
3510	-144	-154	208	54	-14	-88	-130	-134	
3511	-156	-144	226	62	-2	-74	-118	-128	
3512	-164	-136	242	68	8	-62	-110	-122	
3513	-172	-130	256	74	16	-52	-100	-118	
3514	-176	-124	270	78	24	-42	-94	-114	
3515	-180	-118	280	80	28	-36	-88	-110	
3516	-184	-114	288	80	32	-30	-84	-106	
3517	-186	-108	296	78	32	-28	-80	-102	
3518	-186	-106	300	74	30	-26	-76	-100	
3519	-186	-102	302	68	26	-24	-74	-98	
3520	-186	-100	302	62	22	-26	-74	-96	
3521	-186	-98	300	54	16	-26	-72	-96	
3522	-184	-96	294	46	10	-28	-72	-94	
3523	-180	-94	286	36	4	-32	-72	-94	
3524	-176	-92	276	28	-4	-34	-70	-92	
3525	-172	-88	262	18	-12	-36	-70	-90	
3526	-164	-84	246	8	-18	-40	-68	-88	
3527	-158	-80	226	0	-24	-40	-66	-84	
3528	-148	-74	204	-10	-30	-42	-64	-82	
3529	-138	-68	182	-18	-36	-42	-60	-76	
3530	-128	-60	158	-24	-40	-40	-56	-72	
3531	-116	-52	134	-30	-42	-40	-50	-66	
3532	-106	-44	112	-36	-44	-38	-46	-60	
3533	-94	-36	90	-38	-44	-34	-40	-54	
3534	-84	-28	68	-40	-44	-32	-34	-46	
3535	-74	-20	50	-42	-44	-28	-30	-40	
3536	-64	-14	34	-42	-42	-24	-24	-34	
3537	-56	-8	22	-42	-40	-22	-20	-28	
3538	-48	-2	10	-40	-38	-20	-16	-22	
3539	-40	2	2	-40	-36	-16	-12	-18	
3540	-36	4	-6	-38	-34	-14	-10	-14	
3541	-30	6	-10	-36	-32	-14	-8	-12	
3542	-26	8	-14	-36	-32	-12	-6	-10	
3543	-22	8	-16	-34	-30	-10	-4	-8	
3544	-20	8	-18	-34	-30	-10	-4	-6	
3545	-18	10	-20	-34	-30	-10	-4	-6	
3546	-16	10	-22	-34	-30	-8	-2	-6	
3547	-14	10	-22	-34	-30	-8	-2	-6	
3548	-12	10	-24	-34	-28	-8	-2	-6	
3549	-12	10	-24	-34	-28	-6	-2	-6	
3550	-12	10	-26	-32	-28	-6	-2	-6	
3551	-12	12	-26	-32	-28	-4	0	-6	
3552	-12	12	-26	-32	-26	-4	0	-4	
3553	-12	14	-26	-30	-26	-2	0	-4	
3554	-12	14	-28	-30	-24	-2	2	-4	
3555	-12	16	-28	-28	-22	0	2	-2	
3556	-10	16	-28	-28	-22	0	4	-2	
3557	-10	18	-30	-28	-20	0	4	0	
3558	-10	18	-30	-26	-20	2	4	0	
3559	-8	20	-32	-26	-20	2	4	2	
3560	-8	22	-32	-26	-20	2	6	2	
3561	-6	22	-34	-26	-18	2	6	4	
3562	-4	24	-36	-28	-18	2	6	4	
3563	-2	26	-38	-28	-18	4	6	4	
3564	0	28	-40	-28	-18	4	8	6	
3565	2	30	-40	-30	-18	4	8	6	
3566	4	32	-42	-30	-18	6	10	8	
3567	6	32	-44	-30	-18	6	10	8	
3568	10	34	-48	-30	-18	8	12	10	
3569	12	36	-50	-30	-16	8	14	12	
3570	14	38	-52	-30	-16	10	16	14	
3571	18	40	-54	-30	-14	12	20	16	
3572	20	42	-56	-30	-12	14	22	18	
3573	24	44	-58	-28	-12	16	24	22	
3574	26	46	-60	-28	-10	18	26	24	
3575	30	48	-62	-28	-8	20	30	28	
3576	32	50	-64	-26	-8	22	32	30	
3577	36	54	-66	-26	-6	24	34	34	
3578	38	56	-70	-26	-4	26	36	36	
3579	40	60	-72	-26	-2	28	38	38	
3580	42	62	-74	-26	-2	30	42	42	
3581	46	66	-78	-26	0	32	44	44	
3582	48	70	-82	-26	0	34	46	46	
3583	50	74	-84	-28	2	36	48	48	
3584	52	78	-88	-28	2	38	50	50	
3585	54	84	-92	-28	2	40	54	52	
3586	58	88	-96	-30	4	42	56	54	
3587	60	92	-100	-30	4	44	58	56	
3588	64	96	-104	-30	4	46	60	60	
3589	66	102	-108	-30	6	48	64	62	
3590	70	106	-112	-32	6	50	66	64	
3591	74	110	-116	-32	6	52	68	68	
3592	78	114	-120	-32	8	54	72	72	
3593	82	118	-124	-32	8	56	74	74	
3594	86	122	-128	-32	8	56	76	78	
3595	90	126	-132	-32	10	58	78	82	
3596	94	130	-136	-32	10	60	80	86	
3597	96	132	-138	-32	10	60	84	90	
3598	100	136	-142	-34	10	62	84	92	
3599	104	138	-146	-34	10	62	86	96	
3600	108	140	-148	-34	10	62	88	98	
3601	112	142	-152	-36	10	64	90	100	
3602	114	144	-154	-36	10	64	90	100	
3603	118	146	-156	-38	10	64	90	102	
3604	120	148	-158	-40	8	64	90	102	
3605	122	148	-160	-40	8	64	90	102	
3606	124	148	-162	-42	6	64	90	102	
3607	124	150	-164	-42	6	62	90	100	
3608	124	148	-164	-44	4	62	88	100	
3609	124	148	-164	-44	4	62	88	98	
3610	124	146	-164	-46	2	62	86	98	
3611	122	146	-162	-46	2	60	86	96	
3612	120	144	-160	-46	2	60	84	96	
3613	118	142	-158	-46	0	60	82	94	
3614	116	140	-156	-46	0	58	80	94	
3615	114	136	-154	-46	0	56	78	92	
3616	110	134	-150	-44	-2	56	76	90	
3617	106	132	-146	-44	-2	54	74	88	
3618	102	128	-142	-44	-4	52	72	86	
3619	98	124	-138	-44	-4	50	68	84	
3620	94	122	-134	-42	-4	48	66	80	
3621	90	118	-130	-42	-4	46	64	76	
3622	86	114	-124	-40	-4	44	60	74	
3623	80	110	-120	-38	-6	42	56	70	
3624	74	106	-114	-36	-4	40	54	66	
3625	68	102	-108	-34	-4	38	50	60	
3626	62	98	-102	-32	-4	36	46	56	
3627	56	94	-96	-30	-4	34	44	52	
3628	50	88	-90	-28	-2	32	40	48	
3629	44	84	-84	-26	-2	30	36	44	
3630	38	80	-78	-22	0	30	32	40	
3631	34	74	-72	-20	0	28	30	36	
3632	28	70	-66	-18	2	26	26	32	
3633	24	66	-62	-16	2	26	24	28	
3634	20	62	-56	-14	4	24	20	26	
3635	18	58	-50	-12	4	22	18	22	
3636	14	54	-46	-10	4	22	16	20	
3637	12	50	-42	-8	6	22	14	18	
3638	10	46	-36	-6	6	20	14	16	
3639	8	42	-32	-6	6	20	12	14	
3640	6	40	-30	-4	6	18	10	12	
3641	4	36	-26	-4	8	18	10	10	
3642	4	34	-22	-4	8	18	10	8	
3643	2	32	-20	-2	8	18	8	8	
3644	0	30	-16	-2	8	16	8	6	
3645	-2	30	-14	-2	8	16	6	6	
3646	-4	28	-12	-2	8	16	6	4	
3647	-6	26	-10	-2	8	16	4	4	
3648	-6	24	-8	-2	8	14	4	2	
3649	-8	24	-6	-2	6	14	2	2	
3650	-8	22	-4	-2	6	14	2	2	
3651	-10	22	-4	-2	6	12	0	0	
3652	-10	20	-2	-4	6	12	0	0	
3653	-10	18	-2	-4	4	12	0	0	
3654	-10	18	-2	-4	4	10	-2	-2	
3655	-10	18	-2	-6	4	10	-2	-2	
3656	-10	16	-2	-6	2	8	-4	-2	
3657	-10	16	0	-6	2	8	-4	-4	
3658	-10	16	0	-6	2	6	-4	-4	
3659	-10	16	-2	-6	0	6	-4	-4	
3660	-10	16	-2	-8	0	6	-4	-4	
3661	-12	16	-2	-8	0	6	-4	-6	
3662	-12	16	-2	-8	0	4	-4	-6	
3663	-14	16	-2	-8	0	4	-4	-6	
3664	-14	16	-2	-8	0	4	-6	-8	
3665	-16	16	-2	-8	0	4	-6	-8	
3666	-16	16	-2	-8	0	4	-6	-8	
3667	-16	16	-2	-8	0	4	-6	-8	
3668	-18	16	-2	-8	0	4	-6	-8	
3669	-18	18	-2	-8	0	4	-6	-8	
3670	-18	18	0	-8	0	4	-6	-8	
3671	-18	18	0	-8	-2	4	-4	-10	
3672	-18	18	0	-8	-2	4	-4	-10	
3673	-18	18	0	-8	-2	4	-4	-8	
3674	-18	20	0	-8	-2	4	-4	-8	
3675	-16	20	0	-8	-2	4	-4	-8	
3676	-16	20	0	-8	-2	6	-4	-8	
3677	-16	20	0	-8	-2	6	-4	-8	
3678	-16	20	0	-8	-2	6	-2	-8	
3679	-16	20	0	-8	-2	6	-2	-6	
3680	-16	18	0	-8	-2	6	-2	-6	
3681	-14	18	0	-8	-4	6	-2	-6	
3682	-14	16	0	-10	-4	6	-2	-6	
3683	-14	16	0	-10	-4	6	-2	-6	
3684	-14	14	0	-10	-6	6	-2	-4	
3685	-14	14	0	-12	-6	4	-2	-4	
3686	-14	12	0	-12	-8	4	-4	-4	
3687	-14	12	0	-12	-8	4	-4	-4	
3688	-14	10	0	-14	-8	2	-4	-4	
3689	-16	10	0	-14	-10	2	-4	-4	
3690	-16	10	0	-14	-10	2	-4	-4	
3691	-16	10	0	-14	-10	2	-4	-6	
3692	-16	10	0	-14	-12	0	-4	-6	
3693	-16	10	0	-14	-12	0	-4	-6	
3694	-18	10	0	-16	-12	0	-4	-6	
3695	-18	10	0	-16	-12	0	-4	-8	
3696	-18	12	-2	-16	-12	-2	-6	-8	
3697	-18	12	-2	-16	-12	-2	-6	-8	
3698	-20	14	-2	-16	-12	-2	-6	-8	
3699	-20	14	-2	-16	-12	-2	-6	-10	
3700	-20	14	-2	-16	-12	-2	-6	-10	
3701	-20	14	-2	-16	-12	-2	-6	-10	
3702	-20	16	-2	-16	-12	-2	-6	-10	
3703	-22	16	0	-16	-12	-2	-6	-10	
3704	-22	16	0	-16	-12	-2	-6	-10	
3705	-22	14	0	-16	-14	-2	-6	-10	
3706	-22	14	0	-16	-14	-2	-6	-10	
3707	-22	14	0	-16	-14	-2	-6	-12	
3708	-22	14	0	-16	-14	-2	-6	-12	
3709	-22	14	0	-16	-14	-2	-8	-12	
3710	-22	12	0	-16	-14	-2	-8	-12	
3711	-22	12	0	-16	-14	-2	-8	-12	
3712	-22	12	0	-18	-16	-2	-8	-12	
3713	-20	14	0	-18	-16	-2	-8	-12	
3714	-20	14	0	-18	-16	-2	-8	-12	
3715	-20	14	0	-18	-16	-2	-8	-12	
3716	-18	16	0	-18	-14	-2	-8	-12	
3717	-18	18	0	-20	-14	0	-6	-10	
3718	-16	20	0	-20	-14	0	-6	-10	
3719	-16	22	0	-20	-12	2	-4	-8	
3720	-14	24	0	-20	-12	2	-4	-8	
3721	-14	26	0	-18	-10	4	-2	-6	
3722	-14	28	0	-18	-8	6	0	-4	
3723	-12	30	0	-18	-8	6	0	-2	
3724	-12	32	0	-18	-8	8	2	-2	
3725	-12	34	0	-18	-6	10	4	0	
3726	-12	36	0	-18	-6	10	4	0	
3727	-10	38	0	-18	-6	12	4	0	
3728	-10	40	0	-18	-4	12	6	2	
3729	-10	40	0	-18	-4	12	6	2	
3730	-10	42	0	-18	-4	12	6	2	
3731	-12	44	-2	-18	-4	14	6	2	
3732	-12	44	-2	-18	-4	14	6	2	
3733	-12	46	-4	-18	-4	14	6	2	
3734	-12	48	-6	-18	-2	16	8	2	
3735	-10	48	-6	-18	-2	16	8	2	
3736	-10	50	-8	-20	-2	16	10	4	
3737	-8	52	-10	-20	-2	18	10	4	
3738	-8	54	-12	-20	0	18	12	4	
3739	-6	56	-14	-20	0	18	12	6	
3740	-4	58	-16	-20	0	20	14	6	
3741	0	60	-18	-22	0	20	16	8	
3742	2	62	-20	-22	0	22	16	8	
3743	4	64	-22	-22	0	22	18	10	
3744	8	66	-24	-22	0	22	18	12	
3745	10	68	-26	-22	0	22	20	12	
3746	12	68	-28	-22	2	22	20	14	
3747	14	68	-28	-22	2	22	20	14	
3748	16	68	-28	-22	2	22	20	14	
3749	16	68	-28	-20	0	22	20	14	
3750	16	66	-28	-20	0	22	20	16	
3751	16	64	-26	-20	0	20	18	14	
3752	16	62	-26	-20	0	18	16	14	
3753	14	58	-24	-20	-2	18	14	14	
3754	14	54	-22	-18	-4	16	12	12	
3755	12	50	-22	-18	-4	14	10	10	
3756	10	46	-20	-20	-6	12	8	8	
3757	6	40	-18	-20	-8	8	6	6	
3758	4	36	-16	-20	-10	6	4	4	
3759	2	32	-14	-20	-12	4	0	2	
3760	0	28	-12	-22	-16	2	-2	0	
3761	-4	24	-10	-22	-18	0	-4	-2	
3762	-6	20	-8	-22	-20	-2	-6	-4	
3763	-10	16	-8	-22	-22	-4	-8	-6	
3764	-12	10	-6	-24	-24	-6	-10	-8	
3765	-16	6	-4	-24	-26	-8	-12	-10	
3766	-18	2	-2	-24	-28	-10	-16	-12	
3767	-22	0	-2	-26	-30	-12	-18	-14	
3768	-24	-4	0	-26	-32	-14	-20	-16	
3769	-26	-8	2	-26	-32	-16	-20	-18	
3770	-30	-12	2	-26	-34	-18	-22	-20	
3771	-30	-14	4	-26	-34	-18	-24	-20	
3772	-32	-16	6	-28	-36	-20	-26	-22	
3773	-32	-18	6	-28	-36	-20	-26	-22	
3774	-34	-20	8	-28	-36	-20	-28	-24	
3775	-34	-20	8	-26	-36	-22	-28	-24	
3776	-32	-22	8	-26	-36	-22	-28	-26	
3777	-32	-22	10	-26	-36	-22	-30	-26	
3778	-32	-22	10	-26	-34	-22	-30	-26	
3779	-32	-24	10	-26	-34	-22	-30	-26	
3780	-30	-24	12	-26	-34	-22	-30	-26	
3781	-30	-24	12	-26	-34	-22	-30	-28	
3782	-32	-24	12	-26	-34	-22	-30	-28	
3783	-32	-24	12	-26	-34	-22	-30	-28	
3784	-34	-24	12	-26	-34	-22	-30	-26	
3785	-36	-24	12	-26	-34	-22	-30	-26	
3786	-38	-24	12	-28	-34	-22	-28	-26	
3787	-42	-22	14	-30	-36	-22	-28	-26	
3788	-46	-20	14	-32	-38	-22	-26	-26	
3789	-50	-18	16	-34	-38	-20	-24	-24	
3790	-56	-14	18	-36	-40	-18	-20	-24	
3791	-62	-10	20	-38	-40	-14	-18	-22	
3792	-68	-6	22	-38	-40	-10	-12	-20	
3793	-72	-2	26	-38	-38	-4	-8	-18	
3794	-76	4	28	-36	-34	4	0	-14	
3795	-78	8	32	-34	-28	12	8	-10	
3796	-78	12	34	-28	-18	22	16	-4	
3797	-72	14	38	-20	-6	34	26	2	
3798	-66	16	40	-8	8	44	36	8	
3799	-52	16	40	6	26	56	44	16	
3800	-36	12	40	24	44	66	52	24	
3801	-16	8	40	46	66	74	58	30	
3802	10	-2	38	70	88	78	60	36	
3803	38	-14	36	96	110	80	58	38	
3804	68	-32	32	122	130	76	50	38	
3805	100	-52	30	150	148	66	38	36	
3806	130	-76	26	176	164	52	22	28	
3807	158	-102	24	198	172	32	0	18	
3808	184	-132	20	218	176	8	-28	2	
3809	204	-162	18	232	174	-20	-58	-18	
3810	220	-192	16	240	166	-52	-90	-40	
3811	228	-220	16	242	152	-84	-124	-64	
3812	228	-246	16	236	132	-116	-156	-88	
3813	224	-268	18	226	108	-148	-184	-112	
3814	212	-284	20	208	80	-174	-210	-136	
3815	194	-296	24	186	52	-196	-232	-158	
3816	170	-304	30	162	24	-214	-246	-174	
3817	142	-304	36	136	-4	-226	-256	-188	
3818	112	-302	46	110	-28	-232	-260	-198	
3819	80	-294	56	86	-46	-230	-260	-204	
3820	48	-282	70	66	-62	-226	-254	-208	
3821	14	-268	86	48	-72	-216	-244	-206	
3822	-16	-254	102	36	-76	-202	-232	-202	
3823	-46	-238	122	30	-74	-186	-216	-196	
3824	-72	-222	140	28	-70	-168	-202	-190	
3825	-96	-206	160	30	-62	-148	-186	-182	
3826	-116	-192	180	34	-50	-130	-170	-174	
3827	-134	-178	200	42	-38	-112	-154	-164	
3828	-148	-164	218	48	-26	-96	-140	-156	
3829	-160	-154	236	56	-14	-80	-128	-148	
3830	-170	-144	252	64	-4	-66	-116	-142	
3831	-176	-134	266	70	6	-54	-106	-134	
3832	-182	-126	278	74	14	-46	-96	-128	
3833	-186	-120	288	76	18	-38	-88	-122	
3834	-190	-114	298	76	22	-32	-82	-118	
3835	-192	-110	304	74	22	-28	-78	-112	
3836	-194	-108	308	72	22	-24	-74	-108	
3837	-194	-106	310	66	20	-24	-70	-106	
3838	-194	-104	310	60	16	-24	-68	-102	
3839	-194	-102	308	52	12	-24	-68	-100	
3840	-194	-100	302	44	6	-26	-66	-98	
3841	-190	-98	294	36	0	-28	-66	-96	
3842	-188	-96	282	26	-8	-30	-66	-94	
3843	-182	-94	268	18	-14	-32	-64	-90	
3844	-176	-90	250	8	-20	-34	-62	-88	
3845	-170	-84	230	-2	-26	-34	-60	-84	
3846	-160	-78	208	-10	-32	-36	-58	-80	
3847	-150	-70	184	-18	-36	-34	-54	-76	
3848	-140	-64	160	-26	-38	-34	-50	-70	
3849	-128	-56	134	-32	-42	-32	-44	-64	
3850	-116	-46	110	-36	-42	-30	-40	-58	
3851	-104	-38	88	-40	-44	-28	-34	-52	
3852	-92	-32	68	-42	-44	-24	-28	-44	
3853	-82	-26	50	-42	-42	-22	-24	-38	
3854	-72	-20	34	-42	-42	-18	-20	-32	
3855	-62	-16	20	-42	-40	-16	-14	-26	
3856	-54	-12	10	-40	-38	-14	-12	-22	
3857	-46	-10	2	-38	-36	-12	-8	-18	
3858	-40	-8	-6	-36	-34	-10	-6	-14	
3859	-36	-6	-10	-34	-34	-8	-4	-10	
3860	-32	-6	-14	-32	-32	-6	-2	-8	
3861	-28	-6	-16	-32	-32	-6	-2	-6	
3862	-24	-4	-18	-30	-30	-4	0	-6	
3863	-22	-4	-18	-30	-30	-4	0	-4	
3864	-20	-4	-20	-30	-30	-4	0	-4	
3865	-18	-2	-20	-30	-30	-4	2	-4	
3866	-18	-2	-22	-30	-30	-2	2	-2	
3867	-16	0	-22	-30	-30	-2	2	-2	
3868	-16	0	-22	-28	-28	-2	4	-2	
3869	-14	2	-22	-28	-28	-2	4	0	
3870	-14	2	-24	-28	-28	0	6	0	
3871	-14	4	-24	-28	-28	0	6	2	
3872	-14	6	-24	-26	-26	0	8	4	
3873	-12	6	-24	-26	-26	0	8	4	
3874	-12	6	-26	-24	-24	0	10	6	
3875	-12	8	-26	-24	-24	0	10	6	
3876	-12	8	-26	-22	-24	2	10	8	
3877	-10	10	-28	-22	-22	2	12	10	
3878	-8	10	-28	-22	-22	2	12	10	
3879	-8	10	-30	-22	-22	2	12	12	
3880	-6	12	-30	-22	-22	2	14	12	
3881	-4	12	-32	-22	-20	2	14	12	
3882	-2	12	-34	-22	-20	2	14	14	
3883	2	14	-34	-22	-20	2	16	14	
3884	4	14	-36	-22	-20	4	16	14	
3885	6	16	-38	-22	-20	4	16	16	
3886	8	18	-40	-22	-20	4	16	16	
3887	12	18	-42	-24	-20	6	18	16	
3888	14	20	-44	-24	-20	6	18	18	
3889	16	22	-46	-24	-20	8	20	18	
3890	18	24	-48	-24	-18	8	20	20	
3891	20	26	-52	-24	-18	10	22	20	
3892	22	28	-54	-22	-16	12	22	22	
3893	24	30	-56	-22	-14	12	24	24	
3894	26	32	-58	-22	-12	14	26	26	
3895	28	34	-60	-20	-10	16	28	28	
3896	30	36	-62	-20	-8	18	32	30	
3897	32	38	-66	-18	-6	20	34	34	
3898	36	42	-68	-16	-4	22	36	36	
3899	38	44	-70	-16	-2	24	40	40	
3900	42	48	-74	-14	-2	26	42	44	
3901	44	50	-76	-14	0	30	46	46	
3902	48	54	-80	-14	2	32	48	50	
3903	52	58	-82	-14	2	34	50	52	
3904	56	60	-86	-14	4	36	54	56	
3905	60	64	-90	-14	4	36	56	58	
3906	64	68	-94	-14	4	38	58	62	
3907	68	72	-98	-14	4	40	60	64	
3908	72	76	-102	-16	4	40	62	66	
3909	76	80	-106	-16	4	42	64	68	
3910	82	82	-110	-18	2	42	64	70	
3911	86	86	-114	-20	2	44	66	72	
3912	90	90	-118	-22	0	44	68	74	
3913	94	92	-122	-24	0	44	68	76	
3914	100	96	-126	-24	-2	44	70	78	
3915	104	98	-130	-26	-2	46	70	80	
3916	108	102	-134	-28	-4	46	72	82	
3917	112	104	-138	-30	-4	46	72	84	
3918	116	108	-140	-30	-4	46	74	86	
3919	118	110	-144	-32	-6	48	74	86	
3920	122	112	-146	-32	-6	48	76	88	
3921	124	114	-148	-32	-6	48	76	90	
3922	126	116	-150	-32	-6	50	78	92	
3923	126	118	-152	-32	-6	50	78	92	
3924	126	118	-154	-32	-4	50	80	94	
3925	126	120	-154	-32	-4	50	80	94	
3926	126	120	-154	-32	-4	50	80	94	
3927	126	120	-154	-34	-4	50	80	96	
3928	124	118	-154	-34	-4	50	80	96	
3929	124	116	-154	-34	-4	50	80	94	
3930	122	116	-152	-34	-4	48	80	94	
3931	118	112	-150	-36	-4	48	78	94	
3932	116	110	-148	-36	-6	46	76	92	
3933	114	108	-146	-36	-6	46	76	90	
3934	110	104	-144	-38	-6	44	74	88	
3935	106	100	-140	-38	-8	42	72	86	
3936	102	98	-136	-38	-8	42	70	82	
3937	98	94	-132	-38	-8	40	68	80	
3938	92	90	-128	-36	-8	38	66	78	
3939	86	86	-124	-36	-8	38	64	74	
3940	82	84	-118	-34	-8	36	62	72	
3941	76	80	-112	-32	-8	34	60	68	
3942	70	76	-106	-30	-6	34	58	66	
3943	64	72	-100	-28	-6	32	56	62	
3944	60	68	-94	-26	-4	32	52	58	
3945	54	64	-88	-22	-2	32	50	56	
3946	50	60	-82	-20	-2	30	48	52	
3947	44	56	-76	-18	0	30	44	48	
3948	40	52	-70	-16	2	28	42	46	
3949	36	48	-64	-14	2	26	38	42	
3950	34	46	-58	-12	4	26	34	38	
3951	30	42	-52	-10	4	24	32	34	
3952	26	38	-48	-8	4	24	28	30	
3953	24	34	-44	-8	6	22	26	28	
3954	22	32	-38	-6	6	22	24	24	
3955	18	28	-34	-6	6	20	20	20	
3956	16	24	-30	-4	6	20	18	16	
3957	14	22	-26	-4	6	18	16	14	
3958	12	18	-22	-2	8	18	14	12	
3959	8	16	-20	-2	8	18	14	10	
3960	6	14	-16	0	10	18	12	8	
3961	4	10	-12	2	10	16	12	6	
3962	2	8	-10	2	12	16	10	6	
3963	0	6	-8	4	12	16	10	4	
3964	-2	4	-4	4	14	16	10	4	
3965	-4	2	-2	6	14	16	10	4	
3966	-6	0	0	6	16	16	10	4	
3967	-8	-2	2	8	16	16	10	6	
3968	-8	-4	2	8	16	16	10	6	
3969	-10	-6	4	8	16	16	8	6	
3970	-10	-6	6	8	16	14	8	6	
3971	-10	-8	6	8	16	14	8	6	
3972	-12	-8	6	6	14	14	8	6	
3973	-12	-8	6	6	14	12	8	4	
3974	-12	-8	6	6	12	12	8	4	
3975	-12	-8	6	4	12	10	6	4	
3976	-12	-8	6	4	10	10	6	2	
3977	-12	-8	6	4	10	10	6	2	
3978	-12	-8	6	2	8	8	6	2	
3979	-14	-8	6	2	8	8	6	0	
3980	-14	-8	6	2	6	8	4	0	
3981	-14	-8	6	0	6	8	4	0	
3982	-14	-8	6	0	6	8	4	0	
3983	-14	-10	6	0	4	8	4	0	
3984	-14	-10	6	0	4	8	4	0	
3985	-16	-10	6	0	4	8	4	0	
3986	-16	-10	6	-2	2	8	4	0	
3987	-16	-8	6	-2	2	8	4	0	
3988	-16	-8	6	-2	2	10	6	0	
3989	-16	-8	6	-2	2	10	6	2	
3990	-18	-8	6	-2	2	10	6	2	
3991	-18	-8	6	-2	0	8	6	2	
3992	-18	-6	6	-2	0	8	6	2	
3993	-18	-6	6	-4	0	8	6	2	
3994	-18	-6	6	-4	0	8	4	2	
3995	-16	-6	6	-4	0	8	4	2	
3996	-16	-6	6	-4	0	8	4	2	
3997	-16	-6	6	-4	-2	8	4	2	
3998	-16	-6	6	-6	-2	8	4	0	
3999	-16	-6	4	-6	-2	6	4	0	
4000	-16	-6	4	-6	-2	6	4	0	
4001	-16	-6	4	-6	-2	6	4	0	
4002	-16	-8	4	-8	-4	6	4	0	
4003	-16	-8	2	-8	-4	6	4	0	
4004	-16	-8	2	-8	-4	6	4	0	
4005	-18	-8	2	-10	-4	6	4	0	
4006	-18	-10	2	-10	-6	6	4	0	
4007	-18	-10	2	-10	-6	6	4	0	
4008	-18	-10	2	-10	-6	6	4	0	
4009	-18	-10	2	-12	-8	6	4	0	
4010	-18	-12	2	-12	-8	6	2	0	
4011	-18	-12	2	-12	-8	6	2	0	
4012	-18	-12	2	-12	-8	6	2	0	
4013	-18	-12	2	-12	-8	4	2	0	
4014	-18	-14	2	-12	-8	4	2	0	
4015	-18	-14	2	-10	-8	4	2	0	
4016	-20	-14	4	-10	-8	4	2	0	
4017	-20	-16	4	-10	-8	4	2	0	
4018	-20	-16	4	-10	-6	4	4	0	
4019	-22	-18	6	-8	-6	4	4	0	
4020	-22	-18	6	-8	-6	4	4	0	
4021	-24	-18	6	-8	-4	4	4	0	
4022	-24	-20	8	-8	-4	4	2	0	
4023	-24	-20	8	-8	-4	4	2	0	
4024	-24	-20	8	-8	-4	4	2	0	
4025	-24	-20	8	-8	-4	2	2	-2	
4026	-24	-20	8	-8	-4	2	2	-2	
4027	-22	-20	8	-10	-6	2	2	-2	
4028	-22	-18	8	-10	-6	2	2	-2	
4029	-20	-16	8	-10	-6	2	2	-2	
4030	-20	-16	8	-10	-6	2	2	-4	
4031	-18	-14	8	-12	-8	2	2	-4	
4032	-18	-12	8	-12	-8	4	2	-2	
4033	-16	-10	8	-12	-8	4	4	-2	
4034	-16	-8	6	-12	-6	6	4	-2	
4035	-14	-6	6	-10	-6	8	6	0	
4036	-14	-4	6	-10	-6	8	8	2	
4037	-14	-2	6	-10	-4	10	10	2	
4038	-14	0	8	-8	-4	12	10	4	
4039	-14	2	8	-8	-2	14	12	6	
4040	-14	4	8	-6	0	16	14	8	
4041	-14	6	8	-6	0	16	14	10	
4042	-14	8	8	-6	0	18	16	12	
4043	-14	10	8	-6	2	18	16	14	
4044	-14	10	8	-6	2	20	16	14	
4045	-14	12	6	-6	2	20	16	16	
4046	-14	14	6	-6	2	22	16	16	
4047	-14	14	6	-6	2	22	18	16	
4048	-12	16	4	-6	2	22	18	16	
4049	-12	16	2	-6	2	22	18	16	
4050	-10	18	0	-8	2	22	18	16	
4051	-8	18	0	-8	2	24	18	16	
4052	-8	20	-4	-10	4	24	18	16	
4053	-6	22	-6	-10	4	24	20	18	
4054	-4	22	-8	-10	4	26	20	18	
4055	-2	24	-10	-10	4	26	22	18	
4056	0	26	-12	-12	6	28	22	20	
4057	2	28	-14	-12	6	28	24	20	
4058	4	30	-18	-12	6	30	26	22	
4059	6	32	-20	-10	8	32	28	24	
4060	10	34	-22	-10	8	34	30	26	
4061	12	36	-22	-10	10	34	30	28	
4062	14	38	-24	-10	10	36	32	30	
4063	16	40	-24	-8	10	36	34	30	
4064	18	42	-26	-8	10	36	34	32	
4065	18	42	-26	-8	10	36	34	32	
4066	20	42	-24	-8	10	36	34	32	
4067	20	40	-24	-8	10	34	32	32	
4068	20	38	-24	-8	8	32	30	30	
4069	20	36	-22	-8	6	30	30	30	
4070	18	32	-20	-8	6	28	26	28	
4071	18	28	-18	-8	4	26	24	26	
4072	16	24	-16	-10	2	24	22	24	
4073	14	20	-14	-10	2	20	20	22	
4074	10	16	-12	-10	0	18	16	18	
4075	8	10	-10	-10	-2	16	14	16	
4076	4	6	-8	-10	-2	12	12	14	
4077	2	2	-6	-10	-4	10	10	12	
4078	-2	-4	-6	-10	-6	8	6	10	
4079	-6	-8	-4	-10	-6	6	4	8	
4080	-8	-12	-2	-10	-8	2	2	6	
4081	-12	-16	0	-10	-8	0	0	4	
4082	-16	-20	0	-12	-10	-2	-2	2	
4083	-18	-22	2	-12	-12	-4	-4	0	
4084	-22	-26	4	-12	-12	-4	-4	-2	
4085	-24	-28	4	-12	-14	-6	-6	-2	
4086	-26	-30	6	-12	-14	-8	-6	-4	
4087	-28	-32	8	-12	-16	-8	-8	-4	
4088	-30	-34	8	-14	-16	-8	-8	-6	
4089	-32	-36	10	-14	-16	-8	-8	-6	
4090	-34	-38	10	-14	-18	-10	-10	-8	
4091	-34	-38	12	-14	-18	-10	-10	-8	
4092	-34	-40	12	-14	-18	-10	-10	-8	
4093	-34	-42	12	-14	-18	-10	-12	-10	
4094	-34	-42	12	-16	-18	-12	-12	-12	
4095	-34	-44	14	-16	-20	-12	-12	-12	
4096	-34	-44	14	-16	-20	-14	-14	-14	
4097	-34	-46	14	-16	-20	-14	-14	-16	
4098	-34	-46	14	-16	-20	-16	-16	-16	
4099	-34	-46	14	-16	-22	-16	-16	-18	
4100	-34	-46	12	-18	-22	-16	-18	-18	
4101	-34	-46	14	-18	-22	-18	-18	-20	
4102	-36	-46	14	-18	-22	-18	-18	-20	
4103	-38	-44	14	-20	-24	-16	-18	-20	
4104	-42	-40	14	-20	-24	-16	-16	-18	
4105	-44	-38	16	-22	-24	-14	-16	-18	
4106	-50	-34	18	-24	-26	-12	-14	-16	
4107	-54	-30	20	-26	-26	-8	-10	-14	
4108	-60	-26	22	-26	-24	-4	-6	-10	
4109	-66	-20	26	-28	-24	2	-2	-8	
4110	-72	-16	30	-28	-20	8	4	-4	
4111	-76	-12	34	-26	-16	16	12	0	
4112	-78	-8	38	-24	-8	24	18	6	
4113	-78	-4	40	-18	0	34	28	12	
4114	-74	-2	44	-10	12	46	36	18	
4115	-66	-2	46	2	26	56	46	24	
4116	-54	-2	46	16	42	66	54	32	
4117	-38	-6	48	34	62	74	60	38	
4118	-16	-14	46	56	82	80	64	42	
4119	10	-24	44	80	102	82	64	46	
4120	38	-38	42	106	122	80	60	48	
4121	70	-54	38	132	140	74	52	46	
4122	102	-76	34	160	156	64	38	40	
4123	134	-100	30	184	168	48	18	30	
4124	164	-126	24	208	174	26	-6	16	
4125	190	-154	20	226	176	0	-34	0	
4126	212	-184	16	238	170	-30	-64	-22	
4127	230	-212	14	246	160	-62	-98	-46	
4128	238	-238	12	246	144	-94	-130	-70	
4129	242	-264	10	240	122	-126	-162	-96	
4130	236	-284	10	228	98	-156	-190	-120	
4131	226	-300	12	210	72	-182	-214	-144	
4132	206	-310	16	188	44	-202	-234	-164	
4133	184	-314	22	164	18	-218	-248	-180	
4134	154	-314	28	138	-8	-226	-254	-192	
4135	122	-310	38	114	-28	-230	-256	-200	
4136	88	-300	50	90	-44	-228	-252	-202	
4137	54	-288	64	72	-56	-220	-242	-202	
4138	18	-272	82	56	-62	-206	-230	-198	
4139	-14	-256	100	48	-62	-190	-216	-192	
4140	-46	-240	118	42	-60	-172	-198	-182	
4141	-74	-224	138	42	-52	-152	-180	-172	
4142	-98	-208	160	44	-40	-132	-164	-162	
4143	-120	-192	180	50	-28	-112	-146	-152	
4144	-136	-180	200	58	-14	-94	-130	-142	
4145	-150	-168	220	66	0	-76	-116	-134	
4146	-162	-158	236	74	12	-60	-104	-124	
4147	-172	-148	252	82	24	-48	-92	-116	
4148	-178	-140	268	86	34	-36	-82	-110	
4149	-182	-134	280	90	40	-26	-74	-104	
4150	-186	-128	290	92	46	-18	-66	-98	
4151	-190	-124	300	92	50	-12	-60	-94	
4152	-192	-120	306	90	50	-8	-56	-90	
4153	-194	-118	312	86	50	-6	-52	-86	
4154	-194	-116	314	80	48	-6	-50	-82	
4155	-196	-114	316	74	44	-6	-46	-80	
4156	-196	-112	314	66	40	-6	-46	-78	
4157	-194	-112	308	58	34	-8	-44	-74	
4158	-192	-110	300	48	26	-12	-44	-72	
4159	-188	-108	290	40	20	-14	-42	-70	
4160	-184	-104	276	30	12	-16	-42	-66	
4161	-178	-100	260	20	6	-18	-40	-64	
4162	-170	-94	240	10	-2	-22	-40	-60	
4163	-162	-88	218	0	-8	-22	-38	-56	
4164	-152	-82	194	-8	-14	-24	-36	-52	
4165	-140	-74	170	-16	-20	-24	-32	-48	
4166	-128	-66	146	-24	-24	-24	-30	-44	
4167	-116	-56	122	-30	-28	-22	-26	-38	
4168	-104	-48	98	-34	-30	-20	-22	-34	
4169	-92	-40	78	-38	-30	-18	-18	-28	
4170	-82	-32	58	-40	-32	-16	-14	-24	
4171	-72	-26	42	-40	-30	-14	-10	-20	
4172	-62	-20	28	-40	-30	-12	-6	-16	
4173	-54	-16	16	-40	-30	-10	-2	-12	
4174	-46	-12	6	-38	-28	-8	0	-8	
4175	-40	-10	-2	-36	-26	-8	2	-6	
4176	-34	-8	-6	-34	-26	-6	4	-4	
4177	-30	-8	-10	-32	-24	-4	4	-2	
4178	-26	-8	-14	-32	-24	-4	6	0	
4179	-24	-8	-16	-30	-22	-4	6	0	
4180	-20	-8	-18	-30	-22	-4	6	2	
4181	-18	-8	-20	-30	-22	-4	6	2	
4182	-16	-8	-20	-30	-22	-4	6	2	
4183	-14	-8	-22	-30	-22	-4	6	2	
4184	-12	-8	-22	-30	-22	-4	6	2	
4185	-12	-6	-24	-30	-22	-4	6	4	
4186	-10	-6	-24	-30	-22	-4	6	4	
4187	-10	-6	-24	-30	-22	-2	8	4	
4188	-10	-4	-26	-30	-22	-2	8	4	
4189	-10	-4	-26	-28	-20	0	10	6	
4190	-10	-2	-26	-26	-20	0	10	8	
4191	-10	-2	-28	-26	-18	2	12	10	
4192	-10	0	-28	-24	-16	4	14	12	
4193	-8	0	-28	-22	-16	4	16	14	
4194	-8	2	-28	-22	-14	6	18	16	
4195	-8	2	-30	-20	-12	8	20	18	
4196	-6	4	-30	-20	-12	10	20	20	
4197	-6	4	-32	-20	-10	10	22	22	
4198	-4	6	-34	-18	-10	10	22	22	
4199	-2	8	-34	-18	-10	12	24	24	
4200	2	8	-36	-18	-10	12	24	24	
4201	4	10	-38	-20	-10	12	26	26	
4202	6	10	-40	-20	-10	12	26	26	
4203	8	12	-42	-20	-10	12	26	26	
4204	12	14	-44	-20	-10	12	26	26	
4205	14	16	-46	-22	-10	12	26	26	
4206	16	18	-48	-22	-10	12	28	26	
4207	16	20	-50	-22	-10	12	28	28	
4208	18	22	-52	-22	-10	12	30	28	
4209	20	26	-54	-22	-10	14	30	30	
4210	22	28	-56	-22	-8	14	32	30	
4211	24	30	-58	-22	-8	14	34	32	
4212	28	34	-60	-22	-8	16	36	34	
4213	30	38	-64	-24	-6	18	38	36	
4214	34	40	-66	-24	-6	18	40	38	
4215	38	44	-70	-24	-4	20	42	42	
4216	42	48	-72	-24	-4	22	44	44	
4217	46	52	-76	-24	-2	24	46	46	
4218	52	56	-80	-24	-2	26	48	50	
4219	56	58	-84	-24	0	28	52	52	
4220	62	62	-88	-24	0	30	54	54	
4221	66	66	-92	-24	2	32	56	58	
4222	70	70	-96	-26	2	34	60	60	
4223	74	74	-98	-26	2	36	62	62	
4224	78	78	-102	-26	4	38	64	66	
4225	82	80	-106	-26	4	40	66	68	
4226	84	84	-110	-26	4	42	68	70	
4227	88	88	-114	-26	4	44	70	74	
4228	90	90	-116	-26	4	46	72	76	
4229	94	94	-120	-26	4	46	74	80	
4230	96	96	-124	-26	4	48	76	82	
4231	100	100	-126	-28	4	48	76	86	
4232	104	102	-130	-28	4	50	78	88	
4233	106	104	-134	-28	4	50	78	90	
4234	110	106	-136	-30	2	50	80	92	
4235	114	108	-140	-30	2	50	80	94	
4236	116	110	-142	-32	2	50	80	96	
4237	118	112	-146	-34	0	50	80	98	
4238	122	114	-148	-34	0	48	82	98	
4239	124	116	-150	-36	-2	48	82	98	
4240	126	118	-152	-38	-2	48	82	98	
4241	128	118	-154	-38	-4	48	82	98	
4242	128	118	-156	-38	-4	48	82	98	
4243	130	118	-156	-40	-4	46	80	96	
4244	130	118	-156	-40	-6	46	80	96	
4245	130	118	-156	-40	-6	46	80	96	
4246	128	116	-156	-40	-6	46	78	94	
4247	128	114	-156	-40	-6	44	78	94	
4248	126	112	-154	-40	-6	44	76	92	
4249	122	110	-152	-40	-8	42	74	90	
4250	120	108	-148	-38	-8	42	74	90	
4251	116	106	-146	-38	-8	40	72	88	
4252	112	104	-142	-36	-8	40	70	86	
4253	106	100	-138	-36	-8	38	68	84	
4254	102	98	-132	-34	-8	38	66	82	
4255	96	96	-128	-32	-8	36	64	78	
4256	90	92	-122	-32	-8	34	62	76	
4257	84	90	-116	-30	-8	34	60	74	
4258	80	86	-110	-28	-8	32	58	70	
4259	74	82	-104	-26	-8	32	56	68	
4260	68	80	-98	-24	-8	30	54	64	
4261	64	76	-92	-22	-8	30	52	62	
4262	58	72	-86	-20	-6	30	48	58	
4263	54	68	-80	-18	-6	28	46	54	
4264	48	64	-74	-16	-4	28	44	50	
4265	44	60	-70	-14	-4	28	40	46	
4266	40	56	-64	-12	-2	26	38	42	
4267	36	52	-58	-10	0	26	36	38	
4268	30	48	-54	-8	0	26	32	34	
4269	26	44	-48	-6	2	24	30	32	
4270	22	42	-44	-2	4	24	28	28	
4271	18	38	-40	0	4	22	26	26	
4272	14	34	-34	2	6	22	24	24	
4273	10	32	-30	2	8	20	24	22	
4274	6	28	-26	4	8	20	22	20	
4275	4	26	-22	6	8	18	20	18	
4276	2	22	-20	6	10	18	18	16	
4277	0	20	-16	6	10	16	18	16	
4278	0	18	-12	8	10	14	16	14	
4279	-2	16	-10	8	10	14	14	14	
4280	-2	14	-8	8	10	12	14	12	
4281	-2	12	-4	8	10	10	12	12	
4282	-4	12	-2	6	10	10	10	10	
4283	-4	10	0	6	8	8	8	8	
4284	-4	8	0	6	8	8	8	6	
4285	-4	6	2	6	8	6	6	6	
4286	-6	6	4	6	8	6	6	4	
4287	-6	4	4	6	6	4	4	4	
4288	-8	4	6	6	6	4	4	2	
4289	-8	2	6	6	6	4	4	2	
4290	-10	2	6	6	6	4	4	0	
4291	-12	2	8	6	6	4	4	0	
4292	-12	2	8	6	6	4	4	0	
4293	-14	2	8	6	4	4	4	0	
4294	-14	0	8	6	4	4	4	2	
4295	-14	0	10	6	4	4	4	2	
4296	-14	0	10	6	4	4	4	2	
4297	-14	0	10	6	4	4	4	2	
4298	-14	0	10	6	4	4	4	4	
4299	-14	0	10	6	4	4	4	4	
4300	-12	0	8	6	4	4	4	4	
4301	-12	0	8	4	4	4	4	4	
4302	-10	2	8	4	4	4	4	6	
4303	-10	2	8	2	2	4	4	6	
4304	-8	2	6	2	2	4	4	6	
4305	-8	2	6	0	2	4	4	6	
4306	-8	2	6	0	2	4	4	4	
4307	-6	4	6	-2	0	4	4	4	
4308	-6	4	4	-2	0	4	4	4	
4309	-8	4	4	-4	0	4	4	2	
4310	-8	4	4	-4	-2	4	2	2	
4311	-8	4	4	-6	-2	4	2	0	
4312	-8	4	4	-6	-4	4	2	-2	
4313	-10	4	4	-6	-4	2	0	-2	
4314	-10	4	4	-8	-6	2	0	-4	
4315	-12	2	4	-8	-6	2	0	-4	
4316	-12	2	4	-8	-8	0	-2	-6	
4317	-12	2	4	-8	-8	0	-2	-6	
4318	-14	2	4	-8	-8	0	-2	-6	
4319	-14	2	4	-8	-10	-2	-2	-6	
4320	-14	0	4	-8	-10	-2	-2	-6	
4321	-14	0	4	-8	-10	-2	-2	-4	
4322	-16	0	4	-8	-10	-2	0	-4	
4323	-16	0	4	-8	-10	-2	0	-2	
4324	-16	0	4	-8	-10	-2	0	-2	
4325	-18	0	4	-8	-10	0	0	0	
4326	-18	0	4	-8	-8	0	2	0	
4327	-18	0	4	-6	-8	0	2	2	
4328	-18	0	6	-6	-8	0	2	2	
4329	-20	-2	6	-6	-8	0	2	2	
4330	-20	-2	6	-6	-8	0	2	2	
4331	-20	-2	6	-6	-8	0	2	2	
4332	-18	-2	6	-6	-8	0	2	2	
4333	-18	-2	8	-8	-8	0	0	0	
4334	-18	-2	6	-8	-8	-2	0	-2	
4335	-16	-2	6	-8	-10	-2	-2	-2	
4336	-16	-2	6	-10	-10	-4	-2	-4	
4337	-14	-2	6	-10	-10	-4	-4	-6	
4338	-14	-2	6	-12	-12	-6	-4	-8	
4339	-12	-2	4	-12	-12	-6	-6	-8	
4340	-12	-2	4	-12	-12	-6	-6	-10	
4341	-12	-2	4	-12	-12	-6	-6	-10	
4342	-12	-2	4	-12	-12	-6	-6	-10	
4343	-12	-2	4	-12	-12	-6	-6	-10	
4344	-12	-2	6	-12	-12	-6	-6	-8	
4345	-12	-2	6	-12	-10	-6	-4	-8	
4346	-12	-2	6	-10	-10	-4	-4	-6	
4347	-12	-2	8	-10	-10	-4	-2	-6	
4348	-14	0	8	-10	-8	-2	-2	-4	
4349	-14	2	8	-8	-8	-2	0	-2	
4350	-14	4	10	-8	-8	0	2	-2	
4351	-14	6	10	-8	-6	0	2	0	
4352	-16	8	10	-6	-6	2	4	0	
4353	-16	10	12	-6	-4	4	4	0	
4354	-16	12	12	-4	-4	4	6	2	
4355	-16	16	12	-4	-2	6	6	2	
4356	-16	18	12	-4	-2	8	8	2	
4357	-16	20	10	-4	-2	10	8	2	
4358	-14	22	10	-4	0	10	10	2	
4359	-14	24	10	-4	0	12	10	4	
4360	-14	26	8	-4	0	12	10	4	
4361	-14	26	8	-4	0	14	12	4	
4362	-12	28	6	-6	0	14	12	6	
4363	-12	30	6	-6	0	16	12	6	
4364	-10	32	4	-8	0	16	14	6	
4365	-8	34	2	-8	0	16	14	8	
4366	-8	34	0	-10	-2	16	14	8	
4367	-6	36	-2	-12	-2	16	16	8	
4368	-4	38	-4	-12	-2	16	16	10	
4369	-2	40	-6	-14	-2	18	18	10	
4370	0	40	-8	-14	-2	18	18	12	
4371	2	42	-10	-14	-2	18	20	14	
4372	6	44	-12	-16	-2	20	22	16	
4373	8	46	-14	-16	0	20	22	16	
4374	10	48	-16	-16	0	22	24	18	
4375	14	50	-18	-16	0	22	26	20	
4376	16	50	-20	-14	2	24	28	22	
4377	20	52	-22	-14	2	24	28	24	
4378	22	54	-22	-14	2	26	30	26	
4379	24	56	-24	-14	2	26	30	26	
4380	26	56	-24	-14	4	26	30	26	
4381	28	56	-24	-14	4	26	30	26	
4382	28	56	-24	-12	4	26	30	26	
4383	28	56	-24	-12	2	24	28	24	
4384	28	54	-22	-12	2	24	26	22	
4385	26	50	-22	-12	2	22	24	22	
4386	24	46	-20	-12	0	20	22	18	
4387	22	42	-18	-12	0	18	20	16	
4388	20	38	-16	-12	-2	16	18	14	
4389	16	32	-14	-12	-2	14	16	12	
4390	14	26	-12	-12	-4	12	12	10	
4391	10	22	-10	-12	-6	8	10	8	
4392	8	16	-8	-12	-8	6	8	4	
4393	4	10	-6	-14	-10	4	4	2	
4394	2	6	-4	-14	-10	2	2	0	
4395	-2	0	-4	-14	-12	0	-2	-2	
4396	-6	-4	-2	-16	-14	-4	-4	-4	
4397	-8	-10	0	-16	-16	-6	-6	-6	
4398	-12	-14	0	-18	-18	-8	-10	-8	
4399	-14	-16	2	-18	-20	-10	-12	-10	
4400	-18	-20	4	-18	-22	-12	-14	-12	
4401	-22	-22	4	-18	-22	-16	-16	-14	
4402	-24	-24	6	-18	-24	-16	-18	-16	
4403	-28	-26	6	-18	-24	-18	-20	-18	
4404	-30	-28	8	-18	-26	-20	-22	-20	
4405	-32	-28	10	-18	-26	-20	-22	-20	
4406	-34	-30	10	-16	-26	-22	-22	-22	
4407	-34	-30	10	-16	-26	-22	-22	-24	
4408	-36	-30	12	-16	-24	-22	-22	-24	
4409	-36	-30	12	-14	-24	-22	-22	-26	
4410	-36	-30	12	-14	-24	-22	-22	-26	
4411	-36	-30	12	-14	-22	-22	-22	-26	
4412	-34	-30	14	-12	-22	-22	-22	-28	
4413	-34	-30	14	-12	-22	-22	-22	-28	
4414	-34	-32	12	-12	-22	-22	-22	-26	
4415	-34	-32	12	-12	-22	-22	-22	-26	
4416	-34	-32	12	-14	-22	-20	-20	-26	
4417	-36	-32	12	-14	-24	-20	-20	-26	
4418	-38	-30	12	-16	-26	-20	-20	-24	
4419	-40	-30	12	-18	-28	-20	-20	-24	
4420	-42	-26	12	-22	-30	-20	-18	-22	
4421	-46	-24	14	-24	-32	-18	-18	-22	
4422	-50	-20	16	-26	-32	-16	-16	-20	
4423	-56	-16	18	-30	-34	-14	-12	-20	
4424	-60	-12	20	-30	-34	-10	-8	-18	
4425	-64	-8	24	-32	-32	-4	-4	-16	
4426	-66	-2	28	-30	-28	2	2	-14	
4427	-68	2	32	-28	-20	10	8	-10	
4428	-68	6	36	-22	-12	20	16	-6	
4429	-64	8	40	-14	0	30	26	0	
4430	-56	8	42	-2	16	40	34	6	
4431	-44	6	44	12	32	50	44	12	
4432	-28	4	44	30	52	60	52	20	
4433	-10	-4	44	50	74	68	58	26	
4434	14	-14	44	74	94	72	60	32	
4435	40	-28	42	98	116	74	60	38	
4436	68	-44	38	124	136	70	54	40	
4437	98	-66	36	150	152	60	44	38	
4438	126	-90	32	176	164	46	28	34	
4439	154	-116	28	198	174	28	6	24	
4440	178	-144	24	216	176	2	-18	12	
4441	198	-174	20	228	172	-26	-48	-4	
4442	214	-202	18	236	164	-56	-78	-24	
4443	222	-228	16	236	148	-88	-110	-46	
4444	224	-252	14	230	130	-118	-142	-70	
4445	220	-270	14	220	106	-148	-172	-94	
4446	210	-286	16	202	80	-174	-196	-116	
4447	192	-294	18	180	52	-194	-216	-136	
4448	170	-298	22	156	26	-210	-232	-154	
4449	144	-296	28	130	0	-220	-240	-168	
4450	114	-288	36	106	-20	-222	-244	-178	
4451	82	-278	48	82	-38	-220	-240	-184	
4452	50	-264	60	62	-52	-212	-234	-186	
4453	18	-248	74	48	-58	-200	-222	-184	
4454	-12	-232	92	38	-62	-184	-208	-180	
4455	-40	-216	110	32	-58	-166	-194	-174	
4456	-66	-198	130	30	-52	-148	-178	-166	
4457	-88	-184	150	34	-42	-128	-162	-158	
4458	-108	-170	170	40	-30	-110	-146	-150	
4459	-126	-158	190	48	-16	-92	-132	-142	
4460	-138	-146	208	56	-4	-78	-118	-134	
4461	-150	-138	226	66	10	-64	-108	-128	
4462	-158	-130	242	74	22	-52	-98	-122	
4463	-166	-124	258	80	30	-42	-90	-116	
4464	-172	-118	270	86	38	-34	-82	-112	
4465	-176	-114	282	88	44	-28	-78	-108	
4466	-178	-110	290	88	46	-24	-74	-104	
4467	-182	-108	298	86	46	-22	-70	-102	
4468	-182	-106	302	82	44	-20	-68	-100	
4469	-184	-104	306	76	40	-20	-66	-98	
4470	-184	-104	306	70	36	-22	-64	-98	
4471	-184	-102	304	62	30	-24	-64	-96	
4472	-182	-102	300	52	22	-26	-64	-96	
4473	-178	-100	292	44	14	-28	-62	-94	
4474	-174	-98	282	34	8	-30	-62	-92	
4475	-170	-96	268	24	0	-32	-60	-90	
4476	-164	-92	252	14	-6	-34	-58	-88	
4477	-158	-88	234	6	-14	-34	-56	-84	
4478	-150	-82	212	-2	-18	-34	-52	-78	
4479	-142	-76	190	-10	-22	-32	-48	-74	
4480	-132	-70	166	-16	-26	-32	-44	-66	
4481	-124	-62	144	-22	-28	-28	-38	-60	
4482	-114	-54	120	-26	-30	-26	-34	-52	
4483	-104	-48	98	-30	-30	-22	-28	-44	
4484	-94	-40	78	-32	-30	-20	-22	-38	
4485	-84	-34	58	-34	-30	-16	-18	-32	
4486	-76	-28	42	-34	-28	-14	-14	-26	
4487	-66	-24	28	-34	-28	-12	-10	-20	
4488	-58	-20	18	-34	-26	-10	-8	-16	
4489	-52	-18	8	-32	-26	-8	-4	-12	
4490	-46	-14	0	-32	-24	-8	-4	-10	
4491	-40	-12	-4	-30	-24	-8	-2	-8	
4492	-34	-12	-8	-28	-24	-8	-2	-8	
4493	-30	-10	-12	-28	-22	-8	0	-8	
4494	-26	-10	-14	-26	-22	-8	0	-6	
4495	-24	-8	-14	-26	-22	-10	0	-6	
4496	-20	-8	-16	-24	-22	-10	0	-6	
4497	-18	-8	-16	-24	-22	-10	2	-6	
4498	-16	-6	-18	-24	-22	-10	2	-6	
4499	-16	-6	-18	-22	-22	-8	4	-6	
4500	-14	-6	-18	-22	-22	-8	4	-4	
4501	-12	-4	-18	-22	-20	-6	6	-4	
4502	-12	-4	-20	-22	-20	-6	8	-2	
4503	-10	-4	-20	-20	-20	-4	10	0	
4504	-8	-4	-20	-20	-18	-2	10	0	
4505	-8	-4	-22	-20	-18	-2	12	2	
4506	-6	-4	-22	-18	-16	0	12	4	
4507	-4	-4	-24	-18	-16	2	14	6	
4508	-4	-4	-24	-18	-14	2	14	6	
4509	-2	-2	-24	-18	-14	2	14	8	
4510	0	-2	-26	-16	-14	4	14	8	
4511	0	-2	-26	-16	-12	4	14	10	
4512	0	0	-28	-16	-12	4	14	10	
4513	2	2	-30	-16	-12	4	14	10	
4514	2	2	-30	-16	-12	4	16	12	
4515	2	4	-32	-16	-12	4	16	12	
4516	2	6	-32	-16	-12	4	16	14	
4517	2	8	-34	-16	-12	4	18	14	
4518	4	10	-36	-16	-12	6	20	16	
4519	4	10	-36	-16	-12	6	22	18	
4520	6	12	-38	-18	-10	8	24	18	
4521	8	14	-40	-18	-8	10	26	20	
4522	10	16	-42	-18	-8	12	28	22	
4523	12	18	-44	-18	-6	14	30	24	
4524	16	22	-46	-18	-4	16	34	26	
4525	18	24	-50	-18	-2	20	36	30	
4526	22	26	-52	-16	0	22	38	32	
4527	26	30	-56	-16	2	24	42	34	
4528	30	34	-58	-16	4	26	44	36	
4529	34	36	-62	-16	6	28	46	38	
4530	38	40	-66	-16	6	30	50	40	
4531	42	44	-68	-16	8	32	52	42	
4532	46	48	-72	-16	8	34	54	44	
4533	50	52	-76	-16	10	34	56	48	
4534	54	56	-78	-16	10	36	58	50	
4535	58	60	-82	-16	10	38	60	54	
4536	62	64	-86	-16	12	38	62	58	
4537	66	66	-88	-16	12	40	64	62	
4538	70	70	-92	-18	14	42	66	64	
4539	72	74	-94	-18	14	44	68	68	
4540	76	78	-98	-18	16	46	72	72	
4541	80	82	-100	-18	16	48	74	76	
4542	82	86	-104	-18	18	50	76	78	
4543	86	90	-108	-18	18	52	80	82	
4544	88	94	-110	-20	20	54	82	84	
4545	92	98	-114	-20	20	56	84	86	
4546	94	102	-118	-20	20	58	86	88	
4547	98	106	-122	-22	20	60	88	90	
4548	100	110	-126	-22	22	62	92	92	
4549	104	114	-128	-22	22	64	94	94	
4550	108	116	-132	-24	22	64	96	96	
4551	110	118	-134	-24	22	66	98	98	
4552	112	120	-138	-24	22	66	98	100	
4553	116	122	-140	-24	22	66	100	102	
4554	118	122	-142	-26	22	66	102	104	
4555	118	122	-142	-26	22	66	102	106	
4556	120	122	-144	-26	22	66	104	108	
4557	120	120	-144	-26	22	66	104	110	
4558	120	120	-144	-26	22	64	104	112	
4559	120	118	-144	-26	22	64	102	112	
4560	120	118	-144	-26	20	62	102	112	
4561	118	116	-142	-26	20	62	100	110	
4562	116	114	-140	-26	18	60	98	108	
4563	114	112	-138	-26	18	58	96	106	
4564	112	112	-136	-26	16	56	92	104	
4565	108	110	-132	-26	14	54	90	100	
4566	104	108	-130	-26	14	52	86	98	
4567	100	106	-126	-26	12	50	84	94	
4568	96	102	-122	-24	10	48	80	90	
4569	92	100	-118	-24	10	46	78	86	
4570	86	96	-114	-22	8	44	74	84	
4571	82	92	-110	-22	8	42	72	80	
4572	76	88	-106	-20	8	40	68	76	
4573	72	84	-100	-20	8	38	66	74	
4574	66	80	-96	-18	8	36	62	70	
4575	62	74	-90	-16	8	34	60	66	
4576	58	68	-86	-16	8	34	58	64	
4577	54	64	-80	-14	8	32	56	60	
4578	50	58	-74	-12	10	30	52	58	
4579	46	54	-68	-10	10	30	50	54	
4580	42	48	-62	-8	12	28	48	50	
4581	38	44	-56	-6	12	28	46	48	
4582	32	40	-52	-4	14	26	44	44	
4583	28	36	-46	-2	14	26	40	40	
4584	24	32	-40	0	16	24	38	36	
4585	20	30	-36	2	16	24	34	32	
4586	16	28	-30	4	16	22	32	30	
4587	12	24	-26	4	16	20	28	26	
4588	10	22	-22	6	16	20	26	22	
4589	6	20	-18	6	16	18	22	18	
4590	4	20	-16	6	16	16	20	14	
4591	2	18	-12	6	16	14	18	10	
4592	2	16	-10	6	16	14	16	8	
4593	0	14	-6	6	16	12	14	4	
4594	-2	14	-4	8	16	10	12	4	
4595	-2	12	-2	8	16	10	12	2	
4596	-2	10	0	8	16	8	12	2	
4597	-4	8	2	8	18	8	12	2	
4598	-4	6	4	8	18	8	12	2	
4599	-6	4	6	8	18	8	12	2	
4600	-6	4	8	10	18	8	12	4	
4601	-8	2	8	10	18	8	14	6	
4602	-8	0	8	10	20	8	14	6	
4603	-10	-2	10	10	20	8	14	8	
4604	-10	-4	10	10	18	8	16	10	
4605	-12	-6	10	10	18	10	16	10	
4606	-12	-6	10	10	18	10	16	10	
4607	-14	-8	10	10	18	10	14	10	
4608	-14	-10	10	8	16	10	14	10	
4609	-14	-10	10	8	16	8	14	10	
4610	-16	-10	10	8	16	8	12	8	
4611	-16	-10	10	8	14	8	12	6	
4612	-16	-10	10	8	14	6	10	6	
4613	-16	-10	12	6	14	6	10	4	
4614	-16	-10	12	6	12	4	8	2	
4615	-16	-8	12	6	12	2	8	0	
4616	-16	-8	12	6	12	2	6	0	
4617	-16	-6	12	6	10	0	6	-2	
4618	-16	-6	12	6	10	0	6	-2	
4619	-14	-4	12	4	8	0	4	-2	
4620	-14	-4	12	4	8	0	4	-2	
4621	-12	-4	12	4	8	0	6	-2	
4622	-12	-4	12	4	8	0	6	0	
4623	-10	-4	10	4	8	2	6	0	
4624	-10	-4	10	2	8	2	8	2	
4625	-10	-6	10	2	8	4	8	4	
4626	-10	-6	10	2	8	4	8	6	
4627	-10	-6	10	2	10	6	10	8	
4628	-10	-8	12	2	10	6	10	8	
4629	-10	-8	12	2	10	8	10	10	
4630	-12	-8	12	2	10	8	10	10	
4631	-12	-8	12	2	10	8	10	10	
4632	-14	-8	12	2	10	8	8	10	
4633	-16	-8	12	0	10	6	8	8	
4634	-16	-8	14	0	10	6	6	8	
4635	-16	-8	14	0	10	4	6	6	
4636	-18	-8	14	0	8	4	4	6	
4637	-18	-6	12	-2	6	2	4	4	
4638	-18	-6	12	-2	6	0	2	2	
4639	-18	-6	12	-2	4	0	2	2	
4640	-18	-6	12	-4	4	-2	2	0	
4641	-18	-6	10	-4	2	-2	2	0	
4642	-16	-6	10	-4	2	-4	2	0	
4643	-16	-6	10	-6	0	-4	2	0	
4644	-16	-6	8	-6	0	-4	2	0	
4645	-14	-6	8	-6	-2	-4	2	0	
4646	-14	-6	8	-6	-2	-4	2	0	
4647	-14	-6	8	-6	-2	-6	2	-2	
4648	-14	-6	8	-6	-2	-6	2	-2	
4649	-14	-6	6	-6	-2	-6	2	-2	
4650	-14	-6	6	-6	-2	-6	2	-2	
4651	-14	-6	6	-6	-2	-6	2	-2	
4652	-14	-6	6	-6	-2	-6	2	-2	
4653	-14	-6	6	-6	-2	-6	0	-2	
4654	-16	-6	6	-6	-2	-6	0	0	
4655	-16	-8	6	-6	-2	-6	0	0	
4656	-16	-8	6	-6	-4	-6	0	0	
4657	-16	-8	6	-8	-4	-6	0	0	
4658	-16	-10	6	-8	-4	-6	-2	0	
4659	-18	-10	6	-8	-4	-6	-2	0	
4660	-18	-10	6	-8	-6	-6	-2	0	
4661	-16	-10	4	-8	-6	-6	-2	0	
4662	-16	-10	4	-10	-6	-6	0	0	
4663	-16	-8	4	-8	-8	-6	0	0	
4664	-16	-8	4	-8	-6	-6	0	0	
4665	-16	-6	4	-8	-6	-6	2	0	
4666	-16	-4	4	-8	-6	-4	2	0	
4667	-16	0	6	-6	-4	-4	4	0	
4668	-16	2	6	-6	-2	-2	4	0	
4669	-16	6	6	-4	0	0	6	0	
4670	-14	8	6	-2	0	2	8	0	
4671	-14	12	8	-2	2	4	8	2	
4672	-14	14	8	0	4	6	10	2	
4673	-14	18	8	0	6	8	12	4	
4674	-14	20	10	0	8	8	12	6	
4675	-14	22	10	2	10	10	14	8	
4676	-14	24	10	2	10	12	14	8	
4677	-14	26	10	2	10	14	14	10	
4678	-14	28	10	0	10	14	16	12	
4679	-14	30	8	0	10	14	16	14	
4680	-14	32	8	-2	8	16	16	14	
4681	-14	34	6	-2	8	16	18	16	
4682	-12	34	6	-4	6	16	18	16	
4683	-12	36	4	-6	4	16	18	16	
4684	-10	38	2	-6	4	16	18	18	
4685	-10	40	0	-8	2	16	18	18	
4686	-8	42	-4	-10	0	16	18	18	
4687	-6	44	-6	-12	0	18	20	18	
4688	-4	46	-8	-12	-2	18	20	18	
4689	-2	48	-12	-14	-2	18	20	18	
4690	0	50	-14	-16	-4	18	22	18	
4691	2	52	-16	-16	-4	18	22	18	
4692	6	56	-18	-18	-4	20	22	20	
4693	8	58	-20	-18	-4	20	24	20	
4694	10	60	-22	-18	-2	20	24	22	
4695	12	62	-24	-18	-2	20	26	24	
4696	14	62	-26	-18	-2	22	26	24	
4697	16	64	-26	-18	0	22	26	26	
4698	18	64	-28	-18	0	22	28	26	
4699	20	62	-28	-18	0	20	28	28	
4700	20	62	-28	-16	0	20	26	28	
4701	20	60	-26	-16	2	20	26	28	
4702	20	58	-26	-16	2	18	26	28	
4703	18	54	-24	-16	2	18	24	26	
4704	16	50	-22	-14	0	16	22	24	
4705	14	46	-20	-14	0	14	20	24	
4706	12	42	-18	-14	0	14	18	22	
4707	10	38	-16	-14	0	12	16	20	
4708	8	32	-14	-14	-2	10	14	18	
4709	4	28	-12	-14	-2	8	12	16	
4710	2	24	-10	-14	-4	6	10	14	
4711	0	20	-8	-14	-6	4	6	14	
4712	-4	14	-8	-12	-6	2	4	12	
4713	-6	10	-6	-14	-8	-2	2	8	
4714	-8	6	-4	-14	-10	-4	-2	6	
4715	-10	4	-4	-14	-12	-6	-4	4	
4716	-12	0	-2	-14	-14	-10	-8	2	
4717	-16	-2	-2	-14	-14	-12	-10	-2	
4718	-18	-6	-2	-14	-16	-14	-12	-6	
4719	-20	-8	0	-14	-18	-16	-14	-8	
4720	-22	-10	0	-14	-20	-18	-18	-12	
4721	-24	-12	2	-14	-22	-20	-18	-14	
4722	-26	-14	2	-14	-22	-20	-20	-16	
4723	-28	-14	2	-14	-24	-22	-22	-20	
4724	-30	-16	4	-14	-24	-22	-22	-20	
4725	-32	-16	4	-14	-24	-22	-22	-22	
4726	-32	-18	4	-14	-24	-24	-22	-22	
4727	-32	-18	6	-14	-26	-24	-22	-24	
4728	-32	-20	6	-14	-26	-24	-22	-24	
4729	-32	-20	6	-12	-26	-24	-22	-24	
4730	-32	-22	6	-12	-26	-24	-20	-24	
4731	-30	-22	6	-12	-26	-24	-20	-24	
4732	-30	-22	6	-14	-26	-24	-20	-24	
4733	-30	-22	6	-14	-28	-26	-20	-24	
4734	-30	-22	6	-16	-28	-26	-20	-24	
4735	-30	-20	8	-16	-30	-26	-18	-24	
4736	-32	-18	8	-18	-30	-26	-18	-24	
4737	-36	-16	8	-22	-32	-26	-18	-24	
4738	-38	-12	8	-24	-34	-26	-18	-26	
4739	-42	-10	10	-26	-36	-24	-16	-26	
4740	-48	-4	12	-30	-36	-22	-14	-26	
4741	-54	0	14	-32	-38	-18	-12	-26	
4742	-58	4	16	-34	-36	-14	-8	-26	
4743	-64	10	20	-34	-34	-8	-2	-24	
4744	-66	14	22	-32	-30	0	4	-22	
4745	-68	20	26	-28	-22	10	12	-18	
4746	-66	24	28	-22	-12	22	22	-12	
4747	-62	26	32	-14	2	36	32	-6	
4748	-54	26	34	-2	18	50	44	2	
4749	-42	26	34	14	38	62	56	12	
4750	-26	22	36	34	60	76	66	22	
4751	-4	14	36	56	84	86	74	32	
4752	20	4	34	80	108	94	78	40	
4753	46	-12	34	106	134	98	80	48	
4754	74	-30	32	134	156	96	74	52	
4755	104	-52	30	162	176	88	64	52	
4756	132	-76	28	186	192	74	50	48	
4757	158	-104	26	208	204	56	28	40	
4758	180	-132	24	226	208	32	2	28	
4759	198	-162	22	240	206	2	-28	12	
4760	212	-190	22	246	198	-30	-60	-8	
4761	218	-216	20	244	182	-62	-94	-30	
4762	218	-238	20	238	162	-94	-126	-54	
4763	212	-256	22	224	136	-126	-156	-78	
4764	200	-270	24	204	108	-152	-182	-102	
4765	182	-276	26	180	76	-176	-204	-122	
4766	158	-280	30	154	46	-192	-220	-142	
4767	132	-276	36	128	18	-204	-230	-156	
4768	102	-270	46	102	-8	-210	-234	-168	
4769	70	-258	56	78	-30	-210	-234	-174	
4770	38	-244	68	58	-46	-204	-228	-178	
4771	8	-230	82	42	-58	-194	-218	-180	
4772	-22	-214	98	30	-62	-182	-206	-178	
4773	-50	-196	116	24	-62	-166	-192	-174	
4774	-74	-182	136	24	-58	-148	-178	-168	
4775	-96	-166	154	26	-50	-130	-164	-162	
4776	-116	-154	174	30	-40	-114	-148	-156	
4777	-130	-142	194	38	-28	-96	-136	-148	
4778	-144	-132	212	46	-14	-82	-122	-140	
4779	-154	-122	228	54	-2	-68	-112	-134	
4780	-162	-114	244	60	8	-56	-102	-128	
4781	-170	-108	258	66	16	-48	-94	-124	
4782	-174	-102	270	68	22	-40	-88	-118	
4783	-176	-96	280	70	26	-34	-82	-116	
4784	-180	-92	286	70	28	-30	-78	-112	
4785	-180	-90	292	66	28	-30	-76	-110	
4786	-180	-86	296	62	26	-28	-74	-108	
4787	-180	-84	296	56	20	-30	-72	-108	
4788	-178	-82	294	50	14	-32	-72	-106	
4789	-176	-82	290	42	8	-34	-72	-106	
4790	-174	-80	282	32	0	-38	-72	-106	
4791	-170	-78	272	24	-8	-40	-72	-104	
4792	-166	-74	258	14	-16	-44	-72	-102	
4793	-160	-70	242	4	-22	-46	-70	-98	
4794	-154	-66	222	-4	-30	-48	-68	-96	
4795	-148	-60	202	-14	-36	-48	-66	-90	
4796	-140	-54	178	-22	-42	-48	-62	-86	
4797	-130	-46	156	-28	-46	-46	-58	-80	
4798	-120	-38	132	-34	-48	-44	-54	-74	
4799	-110	-28	108	-40	-50	-42	-48	-66	
4800	-100	-20	86	-44	-52	-38	-44	-60	
4801	-90	-12	64	-46	-52	-34	-38	-52	
4802	-80	-4	46	-48	-50	-30	-34	-46	
4803	-70	2	30	-48	-48	-28	-28	-40	
4804	-60	6	16	-46	-46	-24	-24	-34	
4805	-52	10	4	-46	-44	-20	-20	-28	
4806	-44	14	-4	-44	-40	-18	-16	-22	
4807	-38	16	-12	-42	-38	-16	-12	-18	
4808	-32	18	-16	-40	-36	-14	-10	-14	
4809	-26	18	-20	-38	-34	-12	-8	-12	
4810	-22	18	-22	-36	-32	-12	-6	-8	
4811	-18	18	-24	-34	-32	-10	-4	-6	
4812	-16	18	-26	-34	-30	-10	-2	-4	
4813	-14	18	-26	-32	-30	-10	-2	-4	
4814	-12	18	-26	-32	-30	-10	-2	-2	
4815	-12	20	-28	-32	-28	-10	0	-2	
4816	-10	20	-28	-32	-28	-10	0	0	
4817	-10	20	-30	-32	-28	-8	0	0	
4818	-10	20	-30	-32	-28	-8	2	0	
4819	-10	22	-30	-32	-26	-8	2	0	
4820	-10	22	-32	-30	-26	-6	2	0	
4821	-8	22	-32	-30	-26	-6	4	2	
4822	-8	24	-34	-30	-26	-4	4	2	
4823	-8	24	-34	-30	-26	-4	6	2	
4824	-6	26	-36	-30	-24	-4	6	4	
4825	-6	26	-36	-30	-24	-2	6	4	
4826	-4	28	-38	-30	-24	-2	8	4	
4827	-4	30	-40	-30	-24	-2	8	6	
4828	-2	32	-40	-30	-24	0	8	6	
4829	-2	34	-42	-30	-24	0	10	8	
4830	0	36	-42	-30	-22	0	10	8	
4831	2	38	-44	-30	-22	0	12	10	
4832	2	40	-46	-30	-22	2	12	10	
4833	4	42	-48	-30	-22	2	14	12	
4834	6	46	-48	-30	-22	4	14	14	
4835	6	48	-50	-30	-22	4	16	14	
4836	8	50	-52	-30	-22	6	16	16	
4837	10	52	-54	-30	-22	6	18	16	
4838	12	56	-56	-30	-20	8	20	18	
4839	14	58	-58	-30	-20	10	20	18	
4840	16	60	-60	-30	-20	10	22	20	
4841	18	62	-62	-30	-20	12	24	22	
4842	20	66	-64	-30	-18	14	26	24	
4843	22	68	-68	-30	-18	16	28	26	
4844	26	72	-70	-30	-16	20	30	28	
4845	28	76	-72	-30	-16	22	32	30	
4846	32	78	-76	-30	-14	24	36	32	
4847	34	82	-78	-30	-12	28	40	36	
4848	38	86	-82	-30	-10	30	42	40	
4849	42	90	-86	-30	-8	34	46	44	
4850	46	94	-88	-30	-6	36	50	48	
4851	48	100	-92	-28	-4	40	54	52	
4852	52	104	-96	-28	-4	42	58	56	
4853	56	108	-98	-28	-2	46	62	60	
4854	58	112	-102	-28	0	48	66	64	
4855	62	116	-106	-28	2	52	70	68	
4856	66	120	-110	-28	2	54	74	72	
4857	68	124	-114	-30	4	56	76	76	
4858	72	128	-116	-30	4	58	78	80	
4859	76	132	-120	-30	6	60	82	82	
4860	78	136	-124	-30	6	62	84	86	
4861	82	138	-128	-32	8	64	86	88	
4862	86	142	-132	-32	8	66	88	92	
4863	90	146	-136	-32	8	68	90	94	
4864	94	148	-140	-34	8	70	92	96	
4865	96	152	-144	-34	8	70	94	98	
4866	100	154	-146	-34	8	72	96	100	
4867	104	158	-150	-36	8	72	98	102	
4868	108	160	-154	-36	8	74	98	104	
4869	112	162	-156	-36	8	74	100	106	
4870	114	164	-158	-38	8	74	100	106	
4871	118	164	-160	-38	6	72	100	108	
4872	120	166	-162	-40	6	72	100	108	
4873	122	166	-164	-40	6	72	100	110	
4874	124	166	-164	-40	4	70	98	110	
4875	124	166	-166	-42	4	68	98	110	
4876	124	164	-166	-42	2	68	96	110	
4877	124	162	-164	-42	0	66	94	108	
4878	122	162	-164	-42	0	64	92	106	
4879	120	158	-162	-42	-2	64	90	106	
4880	118	156	-160	-42	-2	62	88	104	
4881	114	154	-156	-42	-4	60	86	102	
4882	110	150	-154	-42	-4	58	82	98	
4883	106	146	-150	-42	-6	58	80	96	
4884	102	144	-146	-42	-6	56	78	94	
4885	98	140	-142	-40	-8	54	76	90	
4886	94	136	-136	-40	-8	54	72	86	
4887	88	130	-132	-38	-8	52	70	84	
4888	84	126	-126	-38	-8	50	68	80	
4889	80	122	-122	-36	-8	50	66	76	
4890	74	118	-116	-34	-8	48	62	72	
4891	70	112	-110	-32	-8	46	60	68	
4892	64	108	-104	-30	-8	46	58	64	
4893	60	102	-98	-28	-8	44	54	62	
4894	56	98	-94	-26	-6	42	52	58	
4895	50	92	-88	-24	-6	40	50	54	
4896	46	88	-82	-22	-4	40	46	52	
4897	42	84	-76	-20	-4	38	44	48	
4898	38	78	-72	-16	-4	36	42	46	
4899	34	74	-66	-14	-2	34	38	44	
4900	32	70	-60	-12	-2	32	36	42	
4901	28	64	-56	-10	0	30	34	38	
4902	26	60	-50	-8	0	28	30	36	
4903	22	58	-46	-6	0	26	28	34	
4904	20	54	-42	-6	0	26	26	30	
4905	18	50	-38	-4	0	24	22	28	
4906	16	48	-32	-2	0	22	20	24	
4907	12	44	-28	-2	2	20	18	22	
4908	10	42	-24	0	0	18	16	18	
4909	8	40	-20	0	0	18	14	16	
4910	6	38	-18	0	0	16	12	14	
4911	4	36	-14	2	0	16	10	12	
4912	2	34	-12	2	0	14	10	10	
4913	0	32	-8	2	0	14	8	8	
4914	-2	30	-6	2	0	12	6	6	
4915	-4	28	-4	2	0	12	6	4	
4916	-6	26	-4	2	0	10	4	2	
4917	-6	24	-2	0	0	10	4	2	
4918	-8	22	0	0	0	10	2	0	
4919	-8	22	0	0	0	10	2	0	
4920	-10	20	0	-2	0	8	2	-2	
4921	-10	18	2	-2	0	8	2	-2	
4922	-10	18	2	-2	0	8	2	-2	
4923	-12	16	2	-2	0	8	2	-2	
4924	-12	14	2	-4	0	8	2	-2	
4925	-12	14	2	-4	0	8	2	-2	
4926	-12	14	2	-4	0	8	2	-2	
4927	-12	12	2	-6	0	8	2	-2	
4928	-12	12	2	-6	0	8	2	0	
4929	-12	12	2	-6	0	8	2	0	
4930	-12	12	2	-6	-2	8	2	0	
4931	-12	12	2	-6	-2	6	2	0	
4932	-12	12	2	-6	-2	6	2	2	
4933	-12	12	2	-8	-2	6	2	2	
4934	-12	12	2	-6	-2	6	2	2	
4935	-14	12	2	-6	-4	6	2	2	
4936	-14	14	2	-6	-4	6	2	2	
4937	-14	14	2	-6	-4	6	2	2	
4938	-14	14	2	-6	-4	6	2	2	
4939	-14	14	2	-6	-4	4	2	2	
4940	-14	14	2	-6	-4	4	0	2	
4941	-14	14	2	-6	-6	4	0	2	
4942	-14	14	2	-6	-6	4	0	2	
4943	-14	14	2	-8	-6	4	0	2	
4944	-14	14	2	-8	-6	4	0	2	
4945	-14	12	2	-8	-6	4	0	2	
4946	-14	12	2	-10	-6	4	2	2	
4947	-14	12	0	-10	-8	4	2	2	
4948	-14	12	0	-10	-8	4	2	2	
4949	-14	12	0	-12	-8	4	2	0	
4950	-14	12	0	-12	-8	2	2	0	
4951	-16	12	0	-14	-8	2	2	0	
4952	-16	10	0	-14	-10	2	2	0	
4953	-16	10	0	-14	-10	2	2	0	
4954	-18	10	0	-14	-10	2	2	0	
4955	-18	10	0	-14	-10	2	2	0	
4956	-18	10	0	-14	-10	2	2	0	
4957	-18	10	2	-14	-10	2	2	0	
4958	-18	8	2	-14	-10	2	2	0	
4959	-18	8	2	-14	-10	2	2	0	
4960	-20	8	2	-12	-10	2	2	0	
4961	-20	8	4	-12	-10	2	2	0	
4962	-18	8	4	-12	-10	2	2	0	
4963	-18	6	4	-12	-10	0	2	0	
4964	-18	6	4	-12	-10	0	2	0	
4965	-18	6	4	-12	-10	0	2	0	
4966	-18	6	2	-12	-12	0	2	0	
4967	-18	6	2	-12	-12	0	2	0	
4968	-18	6	2	-12	-12	-2	2	0	
4969	-18	4	2	-12	-12	-2	0	-2	
4970	-16	4	0	-14	-14	-4	0	-2	
4971	-16	4	0	-14	-14	-4	0	-4	
4972	-16	4	0	-14	-14	-4	-2	-4	
4973	-16	4	0	-16	-16	-6	-4	-6	
4974	-16	2	-2	-16	-16	-6	-4	-6	
4975	-16	2	-2	-16	-18	-6	-6	-8	
4976	-16	2	-2	-18	-18	-6	-6	-8	
4977	-16	2	-2	-18	-18	-8	-8	-10	
4978	-18	2	-2	-18	-18	-6	-8	-10	
4979	-18	2	-2	-18	-20	-6	-8	-10	
4980	-20	2	0	-18	-20	-6	-8	-10	
4981	-20	2	0	-18	-18	-6	-8	-10	
4982	-20	2	0	-18	-18	-6	-8	-10	
4983	-22	2	0	-18	-18	-4	-8	-10	
4984	-22	2	2	-18	-16	-4	-8	-10	
4985	-22	4	2	-16	-16	-2	-6	-8	
4986	-24	6	4	-16	-14	-2	-4	-8	
4987	-24	6	4	-14	-14	0	-4	-8	
4988	-24	8	4	-14	-12	0	-2	-6	
4989	-22	10	4	-12	-10	2	0	-6	
4990	-22	14	6	-12	-8	4	2	-4	
4991	-22	16	6	-12	-6	4	4	-4	
4992	-20	18	6	-10	-6	6	6	-2	
4993	-20	22	6	-10	-4	8	6	0	
4994	-18	24	6	-10	-4	8	8	2	
4995	-16	26	6	-8	-2	10	10	2	
4996	-14	28	6	-8	-2	12	12	4	
4997	-14	30	4	-8	-2	12	12	6	
4998	-12	32	4	-8	0	14	14	8	
4999	-10	34	4	-8	0	14	14	8	
